20200101 100.000000 101.000000 99.000000 100.500000
20200102 100.500000 102.000000 100.000000 101.500000
20200103 101.500000 103.000000 101.000000 102.000000
20200104 102.000000 104.000000 101.500000 103.000000
20200105 103.000000 105.000000 102.500000 104.000000
20200101 100.000000 101.000000 99.000000 100.500000
20200102 100.500000 102.000000 100.000000 101.500000
20200103 101.500000 103.000000 101.000000 102.000000
20200104 102.000000 104.000000 101.500000 103.000000
20200105 103.000000 105.000000 102.500000 104.000000
20200101 100.000000 101.000000 99.000000 100.500000
20200102 100.500000 102.000000 100.000000 101.500000
20200103 101.500000 103.000000 101.000000 102.000000
20200104 102.000000 104.000000 101.500000 103.000000
20200105 103.000000 105.000000 102.500000 104.000000
20200101 100.000000 101.000000 99.000000 100.500000
20200102 100.500000 102.000000 100.000000 101.500000
20200103 101.500000 103.000000 101.000000 102.000000
20200104 102.000000 104.000000 101.500000 103.000000
20200105 103.000000 105.000000 102.500000 104.000000
20200101 100.000000 101.000000 99.000000 100.500000
20200102 100.500000 102.000000 100.000000 101.500000
20200103 101.500000 103.000000 101.000000 102.000000
20200104 102.000000 104.000000 101.500000 103.000000
20200105 103.000000 105.000000 102.500000 104.000000
20200101 100.000000 101.000000 99.000000 100.500000
20200102 100.500000 102.000000 100.000000 101.500000
20200103 101.500000 103.000000 101.000000 102.000000
20200104 102.000000 104.000000 101.500000 103.000000
20200105 103.000000 105.000000 102.500000 104.000000
20200101 100.000000 101.000000 99.000000 100.500000
20200102 100.500000 102.000000 100.000000 101.500000
20200103 101.500000 103.000000 101.000000 102.000000
20200104 102.000000 104.000000 101.500000 103.000000
20200105 103.000000 105.000000 102.500000 104.000000
20200101 100.000000 101.000000 99.000000 100.500000
20200102 100.500000 102.000000 100.000000 101.500000
20200103 101.500000 103.000000 101.000000 102.000000
20200104 102.000000 104.000000 101.500000 103.000000
20200105 103.000000 105.000000 102.500000 104.000000
20200101 100.000000 101.000000 99.000000 100.500000
20200102 100.500000 102.000000 100.000000 101.500000
20200103 101.500000 103.000000 101.000000 102.000000
20200104 102.000000 104.000000 101.500000 103.000000
20200105 103.000000 105.000000 102.500000 104.000000
20200101 100.000000 101.000000 99.000000 100.500000
20200102 100.500000 102.000000 100.000000 101.500000
20200103 101.500000 103.000000 101.000000 102.000000
20200104 102.000000 104.000000 101.500000 103.000000
20200105 103.000000 105.000000 102.500000 104.000000
20200101 100.000000 101.000000 99.000000 100.500000
20200102 100.500000 102.000000 100.000000 101.500000
20200103 101.500000 103.000000 101.000000 102.000000
20200104 102.000000 104.000000 101.500000 103.000000
20200105 103.000000 105.000000 102.500000 104.000000
20200101 100.000000 101.000000 99.000000 100.500000
20200102 100.500000 102.000000 100.000000 101.500000
20200103 101.500000 103.000000 101.000000 102.000000
20200104 102.000000 104.000000 101.500000 103.000000
20200105 103.000000 105.000000 102.500000 104.000000
20200101 100.000000 101.000000 99.000000 100.500000
20200102 100.500000 102.000000 100.000000 101.500000
20200103 101.500000 103.000000 101.000000 102.000000
20200104 102.000000 104.000000 101.500000 103.000000
20200105 103.000000 105.000000 102.500000 104.000000
20200101 100.000000 101.000000 99.000000 100.500000
20200102 100.500000 102.000000 100.000000 101.500000
20200103 101.500000 103.000000 101.000000 102.000000
20200104 102.000000 104.000000 101.500000 103.000000
20200105 103.000000 105.000000 102.500000 104.000000
20200101 100.000000 101.000000 99.000000 100.500000
20200102 100.500000 102.000000 100.000000 101.500000
20200103 101.500000 103.000000 101.000000 102.000000
20200104 102.000000 104.000000 101.500000 103.000000
20200105 103.000000 105.000000 102.500000 104.000000
20200101 100.000000 101.000000 99.000000 100.500000
20200102 100.500000 102.000000 100.000000 101.500000
20200103 101.500000 103.000000 101.000000 102.000000
20200104 102.000000 104.000000 101.500000 103.000000
20200105 103.000000 105.000000 102.500000 104.000000
20200101 100.000000 101.000000 99.000000 100.500000
20200102 100.500000 102.000000 100.000000 101.500000
20200103 101.500000 103.000000 101.000000 102.000000
20200104 102.000000 104.000000 101.500000 103.000000
20200105 103.000000 105.000000 102.500000 104.000000
20200101 100.000000 101.000000 99.000000 100.500000
20200102 100.500000 102.000000 100.000000 101.500000
20200103 101.500000 103.000000 101.000000 102.000000
20200104 102.000000 104.000000 101.500000 103.000000
20200105 103.000000 105.000000 102.500000 104.000000
20200101 100.000000 101.000000 99.000000 100.500000
20200102 100.500000 102.000000 100.000000 101.500000
20200103 101.500000 103.000000 101.000000 102.000000
20200104 102.000000 104.000000 101.500000 103.000000
20200105 103.000000 105.000000 102.500000 104.000000
20200101 100.000000 101.000000 99.000000 100.500000
20200102 100.500000 102.000000 100.000000 101.500000
20200103 101.500000 103.000000 101.000000 102.000000
20200104 102.000000 104.000000 101.500000 103.000000
20200105 103.000000 105.000000 102.500000 104.000000
