20200101 100.500000
20200102 101.500000
20200103 102.000000
20200104 103.000000
20200105 104.000000
20200106 100.500000
20200107 101.500000
20200108 102.000000
20200109 103.000000
20200110 104.000000
20200111 100.500000
20200112 101.500000
20200113 102.000000
20200114 103.000000
20200115 104.000000
20200116 100.500000
20200117 101.500000
20200118 102.000000
20200119 103.000000
20200120 104.000000
20200121 100.500000
20200122 101.500000
20200123 102.000000
20200124 103.000000
20200125 104.000000
20200126 100.500000
20200127 101.500000
20200128 102.000000
20200129 103.000000
20200130 104.000000
20200131 100.500000
20200132 101.500000
20200133 102.000000
20200134 103.000000
20200135 104.000000
20200136 100.500000
20200137 101.500000
20200138 102.000000
20200139 103.000000
20200140 104.000000
20200141 100.500000
20200142 101.500000
20200143 102.000000
20200144 103.000000
20200145 104.000000
20200146 100.500000
20200147 101.500000
20200148 102.000000
20200149 103.000000
20200150 104.000000
20200151 100.500000
20200152 101.500000
20200153 102.000000
20200154 103.000000
20200155 104.000000
20200156 100.500000
20200157 101.500000
20200158 102.000000
20200159 103.000000
20200160 104.000000
20200161 100.500000
20200162 101.500000
20200163 102.000000
20200164 103.000000
20200165 104.000000
20200166 100.500000
20200167 101.500000
20200168 102.000000
20200169 103.000000
20200170 104.000000
20200171 100.500000
20200172 101.500000
20200173 102.000000
20200174 103.000000
20200175 104.000000
20200176 100.500000
20200177 101.500000
20200178 102.000000
20200179 103.000000
20200180 104.000000
20200181 100.500000
20200182 101.500000
20200183 102.000000
20200184 103.000000
20200185 104.000000
20200186 100.500000
20200187 101.500000
20200188 102.000000
20200189 103.000000
20200190 104.000000
20200191 100.500000
20200192 101.500000
20200193 102.000000
20200194 103.000000
20200195 104.000000
20200196 100.500000
20200197 101.500000
20200198 102.000000
20200199 103.000000
20200200 104.000000
