0.010000
-0.005000
0.008000
0.012000
-0.003000
0.015000
0.010000
-0.005000
0.008000
0.012000
-0.003000
0.015000
0.010000
-0.005000
0.008000
0.012000
-0.003000
0.015000
0.010000
-0.005000
0.008000
0.012000
-0.003000
0.015000
0.010000
-0.005000
0.008000
0.012000
-0.003000
0.015000
0.010000
-0.005000
0.008000
0.012000
-0.003000
0.015000
0.010000
-0.005000
0.008000
0.012000
-0.003000
0.015000
0.010000
-0.005000
0.008000
0.012000
-0.003000
0.015000
0.010000
-0.005000
0.008000
0.012000
-0.003000
0.015000
0.010000
-0.005000
0.008000
0.012000
-0.003000
0.015000
