20200220 109.60 110.10 109.30 109.80 4500000
20200221 109.80 110.30 109.50 110.00 4600000
20200224 110.00 110.40 109.70 110.10 4700000
20200225 110.10 110.60 109.80 110.30 4800000
20200226 110.30 110.80 110.00 110.50 4900000
20200227 110.50 111.00 110.20 110.70 5000000
20200228 110.70 111.10 110.40 110.90 5100000
20200302 110.90 111.30 110.60 111.10 5200000
20200303 111.10 111.60 110.80 111.30 5300000
20200304 111.30 111.80 111.00 111.50 5400000
20200305 111.50 112.00 111.20 111.70 5500000
20200306 111.70 112.10 111.40 111.90 5600000
20200309 111.90 112.30 111.60 112.10 5700000
20200310 112.10 112.50 111.80 112.30 5800000
20200311 112.30 112.70 112.00 112.50 5900000
