20250907 111137.350000 111293.260000 110733.710000 110837.960000
20250907 110837.950000 110994.580000 110731.710000 110890.570000
20250907 110890.580000 111372.000000 110621.780000 111240.000000
20250907 111239.990000 111349.240000 111026.910000 111052.110000
20250907 111052.110000 111218.490000 110929.300000 110979.350000
20250907 110979.350000 111061.050000 110899.690000 111027.160000
20250907 111027.150000 111197.860000 110917.450000 111113.260000
20250908 111113.260000 111609.040000 111113.250000 111280.390000
20250908 111280.400000 111910.480000 111252.900000 111684.250000
20250908 111684.260000 112095.000000 111591.060000 112094.990000
20250908 112094.990000 112186.980000 111920.890000 112048.000000
20250908 112048.000000 112121.590000 111754.310000 112052.430000
20250908 112052.430000 112153.900000 111934.240000 112034.510000
20250908 112034.500000 112370.300000 111877.640000 111906.550000
20250908 111906.560000 112779.500000 111888.000000 112645.050000
20250908 112645.060000 112924.370000 112526.610000 112631.750000
20250908 112631.740000 112670.060000 112293.180000 112398.000000
20250908 112398.010000 112531.600000 112075.200000 112214.400000
20250908 112214.410000 112515.590000 112184.970000 112477.010000
20250908 112477.010000 112477.010000 111978.670000 112097.310000
20250908 112097.310000 112153.070000 111896.000000 111958.040000
20250908 111958.040000 112331.320000 111930.730000 112326.450000
20250908 112326.450000 112512.710000 112210.910000 112236.710000
20250908 112236.710000 112305.030000 111989.000000 112065.230000
20250908 112065.230000 112104.410000 111459.870000 111650.030000
20250908 111650.030000 111748.540000 111258.300000 111364.730000
20250908 111364.730000 111442.950000 111111.000000 111330.710000
20250908 111330.720000 111740.610000 111234.160000 111708.000000
20250908 111708.010000 112110.990000 111624.120000 112024.010000
20250908 112024.010000 112248.840000 111851.520000 112200.000000
20250908 112200.010000 113156.650000 112151.160000 113022.610000
20250909 113022.620000 113293.290000 112753.610000 112991.110000
