20200101 100.00 101.00  99.00 100.50 1000000
20200102 100.50 102.00 100.00 101.20 1100000
20200103 101.20 103.00 100.80 102.10 1200000
20200106 102.10 104.00 101.50 103.00 1300000
20200107 103.00 105.00 102.30 103.80 1400000
20200108 103.80 106.00 103.20 104.70 1500000
20200109 104.70 107.00 104.00 105.50 1600000
20200110 105.50 108.00 104.80 106.20 1700000
20200113 106.20 109.00 105.50 107.00 1800000
20200114 107.00 110.00 106.20 107.80 1900000
20200115 107.80 111.00 107.00 108.60 2000000
20200116 108.60 112.00 107.80 109.40 2100000
20200117 109.40 113.00 108.60 110.20 2200000
20200120 110.20 114.00 109.40 111.00 2300000
20200121 111.00 115.00 110.20 111.80 2400000
20200122 111.80 116.00 111.00 112.60 2500000
20200123 112.60 117.00 111.80 113.40 2600000
20200124 113.40 118.00 112.60 114.20 2700000
20200127 114.20 119.00 113.40 115.00 2800000
20200128 115.00 120.00 114.20 115.80 2900000
20200129 115.80 121.00 115.00 116.60 3000000
20200130 116.60 122.00 115.80 117.40 3100000
20200131 117.40 123.00 116.60 118.20 3200000
20200203 118.20 124.00 117.40 119.00 3300000
20200204 119.00 125.00 118.20 119.80 3400000
20200205 119.80 126.00 119.00 120.60 3500000
20200206 120.60 127.00 119.80 121.40 3600000
20200207 121.40 128.00 120.60 122.20 3700000
20200210 122.20 129.00 121.40 123.00 3800000
20200211 123.00 130.00 122.20 123.80 3900000
20200212 123.80 131.00 123.00 124.60 4000000
20200213 124.60 132.00 123.80 125.40 4100000
20200214 125.40 133.00 124.60 126.20 4200000
20200217 126.20 134.00 125.40 127.00 4300000
20200218 127.00 135.00 126.20 127.80 4400000
20200219 127.80 136.00 127.00 128.60 4500000
20200220 128.60 137.00 127.80 129.40 4600000
20200221 129.40 138.00 128.60 130.20 4700000
20200224 130.20 139.00 129.40 131.00 4800000
20200225 131.00 140.00 130.20 131.80 4900000
20200226 131.80 141.00 131.00 132.60 5000000
20200227 132.60 142.00 131.80 133.40 5100000
20200228 133.40 143.00 132.60 134.20 5200000
20200302 134.20 144.00 133.40 135.00 5300000
20200303 135.00 145.00 134.20 135.80 5400000
20200304 135.80 146.00 135.00 136.60 5500000
20200305 136.60 147.00 135.80 137.40 5600000
20200306 137.40 148.00 136.60 138.20 5700000
20200309 138.20 149.00 137.40 139.00 5800000
20200310 139.00 150.00 138.20 139.80 5900000
20200311 139.80 151.00 139.00 140.60 6000000
20200312 140.60 152.00 139.80 141.40 6100000
20200313 141.40 153.00 140.60 142.20 6200000
20200316 142.20 154.00 141.40 143.00 6300000
20200317 143.00 155.00 142.20 143.80 6400000
20200318 143.80 156.00 143.00 144.60 6500000
20200319 144.60 157.00 143.80 145.40 6600000
20200320 145.40 158.00 144.60 146.20 6700000
20200323 146.20 159.00 145.40 147.00 6800000
20200324 147.00 160.00 146.20 147.80 6900000
20200325 147.80 161.00 147.00 148.60 7000000
20200326 148.60 162.00 147.80 149.40 7100000
20200327 149.40 163.00 148.60 150.20 7200000
20200330 150.20 164.00 149.40 151.00 7300000
20200331 151.00 165.00 150.20 151.80 7400000
20200401 151.80 166.00 151.00 152.60 7500000
20200402 152.60 167.00 151.80 153.40 7600000
20200403 153.40 168.00 152.60 154.20 7700000
20200406 154.20 169.00 153.40 155.00 7800000
20200407 155.00 170.00 154.20 155.80 7900000
20200408 155.80 171.00 155.00 156.60 8000000
20200409 156.60 172.00 155.80 157.40 8100000
20200410 157.40 173.00 156.60 158.20 8200000
20200413 158.20 174.00 157.40 159.00 8300000
20200414 159.00 175.00 158.20 159.80 8400000
20200415 159.80 176.00 159.00 160.60 8500000
20200416 160.60 177.00 159.80 161.40 8600000
20200417 161.40 178.00 160.60 162.20 8700000
20200420 162.20 179.00 161.40 163.00 8800000
20200421 163.00 180.00 162.20 163.80 8900000
20200422 163.80 181.00 163.00 164.60 9000000
20200423 164.60 182.00 163.80 165.40 9100000
20200424 165.40 183.00 164.60 166.20 9200000
20200427 166.20 184.00 165.40 167.00 9300000
20200428 167.00 185.00 166.20 167.80 9400000
20200429 167.80 186.00 167.00 168.60 9500000
20200430 168.60 187.00 167.80 169.40 9600000
20200501 169.40 188.00 168.60 170.20 9700000
20200504 170.20 189.00 169.40 171.00 9800000
20200505 171.00 190.00 170.20 171.80 9900000
20200506 171.80 191.00 171.00 172.60 10000000
20200507 172.60 192.00 171.80 173.40 10100000
20200508 173.40 193.00 172.60 174.20 10200000
20200511 174.20 194.00 173.40 175.00 10300000
20200512 175.00 195.00 174.20 175.80 10400000
20200513 175.80 196.00 175.00 176.60 10500000
20200514 176.60 197.00 175.80 177.40 10600000
20200515 177.40 198.00 176.60 178.20 10700000
20200518 178.20 199.00 177.40 179.00 10800000
20200519 179.00 200.00 178.20 179.80 10900000
20200520 179.80 201.00 179.00 180.60 11000000
20200521 180.60 202.00 179.80 181.40 11100000
20200522 181.40 203.00 180.60 182.20 11200000
20200526 182.20 204.00 181.40 183.00 11300000
20200527 183.00 205.00 182.20 183.80 11400000
20200528 183.80 206.00 183.00 184.60 11500000
20200529 184.60 207.00 183.80 185.40 11600000
20200601 185.40 208.00 184.60 186.20 11700000
20200602 186.20 209.00 185.40 187.00 11800000
20200603 187.00 210.00 186.20 187.80 11900000
20200604 187.80 211.00 187.00 188.60 12000000
20200605 188.60 212.00 187.80 189.40 12100000
20200608 189.40 213.00 188.60 190.20 12200000
20200609 190.20 214.00 189.40 191.00 12300000
20200610 191.00 215.00 190.20 191.80 12400000
20200611 191.80 216.00 191.00 192.60 12500000
20200612 192.60 217.00 191.80 193.40 12600000
20200615 193.40 218.00 192.60 194.20 12700000
20200616 194.20 219.00 193.40 195.00 12800000
20200617 195.00 220.00 194.20 195.80 12900000
20200618 195.80 221.00 195.00 196.60 13000000
20200619 196.60 222.00 195.80 197.40 13100000
20200622 197.40 223.00 196.60 198.20 13200000
20200623 198.20 224.00 197.40 199.00 13300000
20200624 199.00 225.00 198.20 199.80 13400000
20200625 199.80 226.00 199.00 200.60 13500000
20200626 200.60 227.00 199.80 201.40 13600000
20200629 201.40 228.00 200.60 202.20 13700000
20200630 202.20 229.00 201.40 203.00 13800000
20200701 203.00 230.00 202.20 203.80 13900000
20200702 203.80 231.00 203.00 204.60 14000000
20200703 204.60 232.00 203.80 205.40 14100000
20200706 205.40 233.00 204.60 206.20 14200000
20200707 206.20 234.00 205.40 207.00 14300000
20200708 207.00 235.00 206.20 207.80 14400000
20200709 207.80 236.00 207.00 208.60 14500000
20200710 208.60 237.00 207.80 209.40 14600000
20200713 209.40 238.00 208.60 210.20 14700000
20200714 210.20 239.00 209.40 211.00 14800000
20200715 211.00 240.00 210.20 211.80 14900000
20200716 211.80 241.00 211.00 212.60 15000000
20200717 212.60 242.00 211.80 213.40 15100000
20200720 213.40 243.00 212.60 214.20 15200000
20200721 214.20 244.00 213.40 215.00 15300000
20200722 215.00 245.00 214.20 215.80 15400000
20200723 215.80 246.00 215.00 216.60 15500000
20200724 216.60 247.00 215.80 217.40 15600000
20200727 217.40 248.00 216.60 218.20 15700000
20200728 218.20 249.00 217.40 219.00 15800000
20200729 219.00 250.00 218.20 219.80 15900000
20200730 219.80 251.00 219.00 220.60 16000000
20200731 220.60 252.00 219.80 221.40 16100000
20200803 221.40 253.00 220.60 222.20 16200000
20200804 222.20 254.00 221.40 223.00 16300000
20200805 223.00 255.00 222.20 223.80 16400000
20200806 223.80 256.00 223.00 224.60 16500000
20200807 224.60 257.00 223.80 225.40 16600000
20200810 225.40 258.00 224.60 226.20 16700000
20200811 226.20 259.00 225.40 227.00 16800000
20200812 227.00 260.00 226.20 227.80 16900000
20200813 227.80 261.00 227.00 228.60 17000000
20200814 228.60 262.00 227.80 229.40 17100000
20200817 229.40 263.00 228.60 230.20 17200000
20200818 230.20 264.00 229.40 231.00 17300000
20200819 231.00 265.00 230.20 231.80 17400000
20200820 231.80 266.00 231.00 232.60 17500000
20200821 232.60 267.00 231.80 233.40 17600000
20200824 233.40 268.00 232.60 234.20 17700000
20200825 234.20 269.00 233.40 235.00 17800000
20200826 235.00 270.00 234.20 235.80 17900000
20200827 235.80 271.00 235.00 236.60 18000000
20200828 236.60 272.00 235.80 237.40 18100000
20200831 237.40 273.00 236.60 238.20 18200000
20200901 238.20 274.00 237.40 239.00 18300000
20200902 239.00 275.00 238.20 239.80 18400000
20200903 239.80 276.00 239.00 240.60 18500000
20200904 240.60 277.00 239.80 241.40 18600000
20200907 241.40 278.00 240.60 242.20 18700000
20200908 242.20 279.00 241.40 243.00 18800000
20200909 243.00 280.00 242.20 243.80 18900000
20200910 243.80 281.00 243.00 244.60 19000000
20200911 244.60 282.00 243.80 245.40 19100000
20200914 245.40 283.00 244.60 246.20 19200000
20200915 246.20 284.00 245.40 247.00 19300000
20200916 247.00 285.00 246.20 247.80 19400000
20200917 247.80 286.00 247.00 248.60 19500000
20200918 248.60 287.00 247.80 249.40 19600000
20200921 249.40 288.00 248.60 250.20 19700000
20200922 250.20 289.00 249.40 251.00 19800000
20200923 251.00 290.00 250.20 251.80 19900000
20200924 251.80 291.00 251.00 252.60 20000000
20200925 252.60 292.00 251.80 253.40 20100000
20200928 253.40 293.00 252.60 254.20 20200000
20200929 254.20 294.00 253.40 255.00 20300000
20200930 255.00 295.00 254.20 255.80 20400000
20201001 255.80 296.00 255.00 256.60 20500000
20201002 256.60 297.00 255.80 257.40 20600000
20201005 257.40 298.00 256.60 258.20 20700000
20201006 258.20 299.00 257.40 259.00 20800000
20201007 259.00 300.00 258.20 259.80 20900000
20201008 259.80 301.00 259.00 260.60 21000000
20201009 260.60 302.00 259.80 261.40 21100000
20201012 261.40 303.00 260.60 262.20 21200000
20201013 262.20 304.00 261.40 263.00 21300000
20201014 263.00 305.00 262.20 263.80 21400000
20201015 263.80 306.00 263.00 264.60 21500000
20201016 264.60 307.00 263.80 265.40 21600000
20201019 265.40 308.00 264.60 266.20 21700000
20201020 266.20 309.00 265.40 267.00 21800000
20201021 267.00 310.00 266.20 267.80 21900000
20201022 267.80 311.00 267.00 268.60 22000000
20201023 268.60 312.00 267.80 269.40 22100000
20201026 269.40 313.00 268.60 270.20 22200000
20201027 270.20 314.00 269.40 271.00 22300000
20201028 271.00 315.00 270.20 271.80 22400000
20201029 271.80 316.00 271.00 272.60 22500000
20201030 272.60 317.00 271.80 273.40 22600000
20201102 273.40 318.00 272.60 274.20 22700000
20201103 274.20 319.00 273.40 275.00 22800000
20201104 275.00 320.00 274.20 275.80 22900000
20201105 275.80 321.00 275.00 276.60 23000000
20201106 276.60 322.00 275.80 277.40 23100000
20201109 277.40 323.00 276.60 278.20 23200000
20201110 278.20 324.00 277.40 279.00 23300000
20201111 279.00 325.00 278.20 279.80 23400000
20201112 279.80 326.00 279.00 280.60 23500000
20201113 280.60 327.00 279.80 281.40 23600000
20201116 281.40 328.00 280.60 282.20 23700000
20201117 282.20 329.00 281.40 283.00 23800000
20201118 283.00 330.00 282.20 283.80 23900000
20201119 283.80 331.00 283.00 284.60 24000000
20201120 284.60 332.00 283.80 285.40 24100000
20201123 285.40 333.00 284.60 286.20 24200000
20201124 286.20 334.00 285.40 287.00 24300000
20201125 287.00 335.00 286.20 287.80 24400000
20201126 287.80 336.00 287.00 288.60 24500000
20201127 288.60 337.00 287.80 289.40 24600000
20201130 289.40 338.00 288.60 290.20 24700000
20201201 290.20 339.00 289.40 291.00 24800000
20201202 291.00 340.00 290.20 291.80 24900000
20201203 291.80 341.00 291.00 292.60 25000000
20201204 292.60 342.00 291.80 293.40 25100000
20201207 293.40 343.00 292.60 294.20 25200000
20201208 294.20 344.00 293.40 295.00 25300000
20201209 295.00 345.00 294.20 295.80 25400000
20201210 295.80 346.00 295.00 296.60 25500000
20201211 296.60 347.00 295.80 297.40 25600000
20201214 297.40 348.00 296.60 298.20 25700000
20201215 298.20 349.00 297.40 299.00 25800000
20201216 299.00 350.00 298.20 299.80 25900000
20201217 299.80 351.00 299.00 300.60 26000000
20201218 300.60 352.00 299.80 301.40 26100000
20201221 301.40 353.00 300.60 302.20 26200000
20201222 302.20 354.00 301.40 303.00 26300000
20201223 303.00 355.00 302.20 303.80 26400000
20201224 303.80 356.00 303.00 304.60 26500000
20201225 304.60 357.00 303.80 305.40 26600000
20201228 305.40 358.00 304.60 306.20 26700000
20201229 306.20 359.00 305.40 307.00 26800000
20201230 307.00 360.00 306.20 307.80 26900000
20201231 307.80 361.00 307.00 308.60 27000000
20210101 308.60 362.00 307.80 309.40 27100000
20210104 309.40 363.00 308.60 310.20 27200000
20210105 310.20 364.00 309.40 311.00 27300000
20210106 311.00 365.00 310.20 311.80 27400000
20210107 311.80 366.00 311.00 312.60 27500000
20210108 312.60 367.00 311.80 313.40 27600000
20210111 313.40 368.00 312.60 314.20 27700000
20210112 314.20 369.00 313.40 315.00 27800000
20210113 315.00 370.00 314.20 315.80 27900000
20210114 315.80 371.00 315.00 316.60 28000000
20210115 316.60 372.00 315.80 317.40 28100000
20210118 317.40 373.00 316.60 318.20 28200000
20210119 318.20 374.00 317.40 319.00 28300000
20210120 319.00 375.00 318.20 319.80 28400000
20210121 319.80 376.00 319.00 320.60 28500000
20210122 320.60 377.00 319.80 321.40 28600000
20210125 321.40 378.00 320.60 322.20 28700000
20210126 322.20 379.00 321.40 323.00 28800000
20210127 323.00 380.00 322.20 323.80 28900000
20210128 323.80 381.00 323.00 324.60 29000000
20210129 324.60 382.00 323.80 325.40 29100000
20210201 325.40 383.00 324.60 326.20 29200000
20210202 326.20 384.00 325.40 327.00 29300000
20210203 327.00 385.00 326.20 327.80 29400000
20210204 327.80 386.00 327.00 328.60 29500000
20210205 328.60 387.00 327.80 329.40 29600000
20210208 329.40 388.00 328.60 330.20 29700000
20210209 330.20 389.00 329.40 331.00 29800000
20210210 331.00 390.00 330.20 331.80 29900000
20210211 331.80 391.00 331.00 332.60 30000000
20210212 332.60 392.00 331.80 333.40 30100000
20210215 333.40 393.00 332.60 334.20 30200000
20210216 334.20 394.00 333.40 335.00 30300000
20210217 335.00 395.00 334.20 335.80 30400000
20210218 335.80 396.00 335.00 336.60 30500000
20210219 336.60 397.00 335.80 337.40 30600000
20210222 337.40 398.00 336.60 338.20 30700000
20210223 338.20 399.00 337.40 339.00 30800000
20210224 339.00 400.00 338.20 339.80 30900000
20210225 339.80 401.00 339.00 340.60 31000000
20210226 340.60 402.00 339.80 341.40 31100000
20210229 341.40 403.00 340.60 342.20 31200000
20210301 342.20 404.00 341.40 343.00 31300000
20210302 343.00 405.00 342.20 343.80 31400000
20210303 343.80 406.00 343.00 344.60 31500000
20210304 344.60 407.00 343.80 345.40 31600000
20210305 345.40 408.00 344.60 346.20 31700000
20210308 346.20 409.00 345.40 347.00 31800000
20210309 347.00 410.00 346.20 347.80 31900000
20210310 347.80 411.00 347.00 348.60 32000000
20210311 348.60 412.00 347.80 349.40 32100000
20210312 349.40 413.00 348.60 350.20 32200000
20210315 350.20 414.00 349.40 351.00 32300000
20210316 351.00 415.00 350.20 351.80 32400000
20210317 351.80 416.00 351.00 352.60 32500000
20210318 352.60 417.00 351.80 353.40 32600000
20210319 353.40 418.00 352.60 354.20 32700000
20210322 354.20 419.00 353.40 355.00 32800000
20210323 355.00 420.00 354.20 355.80 32900000
20210324 355.80 421.00 355.00 356.60 33000000
20210325 356.60 422.00 355.80 357.40 33100000
20210326 357.40 423.00 356.60 358.20 33200000
20210329 358.20 424.00 357.40 359.00 33300000
20210330 359.00 425.00 358.20 359.80 33400000
20210331 359.80 426.00 359.00 360.60 33500000
20210401 360.60 427.00 359.80 361.40 33600000
20210402 361.40 428.00 360.60 362.20 33700000
20210405 362.20 429.00 361.40 363.00 33800000
20210406 363.00 430.00 362.20 363.80 33900000
20210407 363.80 431.00 363.00 364.60 34000000
20210408 364.60 432.00 363.80 365.40 34100000
20210409 365.40 433.00 364.60 366.20 34200000
20210412 366.20 434.00 365.40 367.00 34300000
20210413 367.00 435.00 366.20 367.80 34400000
20210414 367.80 436.00 367.00 368.60 34500000
20210415 368.60 437.00 367.80 369.40 34600000
20210416 369.40 438.00 368.60 370.20 34700000
20210419 370.20 439.00 369.40 371.00 34800000
20210420 371.00 440.00 370.20 371.80 34900000
20210421 371.80 441.00 371.00 372.60 35000000
20210422 372.60 442.00 371.80 373.40 35100000
20210423 373.40 443.00 372.60 374.20 35200000
20210426 374.20 444.00 373.40 375.00 35300000
20210427 375.00 445.00 374.20 375.80 35400000
20210428 375.80 446.00 375.00 376.60 35500000
20210429 376.60 447.00 375.80 377.40 35600000
20210430 377.40 448.00 376.60 378.20 35700000
20210503 378.20 449.00 377.40 379.00 35800000
20210504 379.00 450.00 378.20 379.80 35900000
20210505 379.80 451.00 379.00 380.60 36000000
20210506 380.60 452.00 379.80 381.40 36100000
20210507 381.40 453.00 380.60 382.20 36200000
20210510 382.20 454.00 381.40 383.00 36300000
20210511 383.00 455.00 382.20 383.80 36400000
20210512 383.80 456.00 383.00 384.60 36500000
20210513 384.60 457.00 383.80 385.40 36600000
20210514 385.40 458.00 384.60 386.20 36700000
20210517 386.20 459.00 385.40 387.00 36800000
20210518 387.00 460.00 386.20 387.80 36900000
20210519 387.80 461.00 387.00 388.60 37000000
20210520 388.60 462.00 387.80 389.40 37100000
20210521 389.40 463.00 388.60 390.20 37200000
20210524 390.20 464.00 389.40 391.00 37300000
20210525 391.00 465.00 390.20 391.80 37400000
20210526 391.80 466.00 391.00 392.60 37500000
20210527 392.60 467.00 391.80 393.40 37600000
20210528 393.40 468.00 392.60 394.20 37700000
20210531 394.20 469.00 393.40 395.00 37800000
20210601 395.00 470.00 394.20 395.80 37900000
20210602 395.80 471.00 395.00 396.60 38000000
20210603 396.60 472.00 395.80 397.40 38100000
20210604 397.40 473.00 396.60 398.20 38200000
20210607 398.20 474.00 397.40 399.00 38300000
20210608 399.00 475.00 398.20 399.80 38400000
20210609 399.80 476.00 399.00 400.60 38500000
20210610 400.60 477.00 399.80 401.40 38600000
20210611 401.40 478.00 400.60 402.20 38700000
20210614 402.20 479.00 401.40 403.00 38800000
20210615 403.00 480.00 402.20 403.80 38900000
20210616 403.80 481.00 403.00 404.60 39000000
20210617 404.60 482.00 403.80 405.40 39100000
20210618 405.40 483.00 404.60 406.20 39200000
20210621 406.20 484.00 405.40 407.00 39300000
20210622 407.00 485.00 406.20 407.80 39400000
20210623 407.80 486.00 407.00 408.60 39500000
20210624 408.60 487.00 407.80 409.40 39600000
20210625 409.40 488.00 408.60 410.20 39700000
20210628 410.20 489.00 409.40 411.00 39800000
20210629 411.00 490.00 410.20 411.80 39900000
20210630 411.80 491.00 411.00 412.60 40000000
20210701 412.60 492.00 411.80 413.40 40100000
20210702 413.40 493.00 412.60 414.20 40200000
20210705 414.20 494.00 413.40 415.00 40300000
20210706 415.00 495.00 414.20 415.80 40400000
20210707 415.80 496.00 415.00 416.60 40500000
20210708 416.60 497.00 415.80 417.40 40600000
20210709 417.40 498.00 416.60 418.20 40700000
20210712 418.20 499.00 417.40 419.00 40800000
20210713 419.00 500.00 418.20 419.80 40900000
20210714 419.80 501.00 419.00 420.60 41000000
20210715 420.60 502.00 419.80 421.40 41100000
20210716 421.40 503.00 420.60 422.20 41200000
20210719 422.20 504.00 421.40 423.00 41300000
20210720 423.00 505.00 422.20 423.80 41400000
20210721 423.80 506.00 423.00 424.60 41500000
20210722 424.60 507.00 423.80 425.40 41600000
20210723 425.40 508.00 424.60 426.20 41700000
20210726 426.20 509.00 425.40 427.00 41800000
20210727 427.00 510.00 426.20 427.80 41900000
20210728 427.80 511.00 427.00 428.60 42000000
20210729 428.60 512.00 427.80 429.40 42100000
20210730 429.40 513.00 428.60 430.20 42200000
20210802 430.20 514.00 429.40 431.00 42300000
20210803 431.00 515.00 430.20 431.80 42400000
20210804 431.80 516.00 431.00 432.60 42500000
20210805 432.60 517.00 431.80 433.40 42600000
20210806 433.40 518.00 432.60 434.20 42700000
20210809 434.20 519.00 433.40 435.00 42800000
20210810 435.00 520.00 434.20 435.80 42900000
20210811 435.80 521.00 435.00 436.60 43000000
20210812 436.60 522.00 435.80 437.40 43100000
20210813 437.40 523.00 436.60 438.20 43200000
20210816 438.20 524.00 437.40 439.00 43300000
20210817 439.00 525.00 438.20 439.80 43400000
20210818 439.80 526.00 439.00 440.60 43500000
20210819 440.60 527.00 439.80 441.40 43600000
20210820 441.40 528.00 440.60 442.20 43700000
20210823 442.20 529.00 441.40 443.00 43800000
20210824 443.00 530.00 442.20 443.80 43900000
20210825 443.80 531.00 443.00 444.60 44000000
20210826 444.60 532.00 443.80 445.40 44100000
20210827 445.40 533.00 444.60 446.20 44200000
20210830 446.20 534.00 445.40 447.00 44300000
20210831 447.00 535.00 446.20 447.80 44400000
20210901 447.80 536.00 447.00 448.60 44500000
20210902 448.60 537.00 447.80 449.40 44600000
20210903 449.40 538.00 448.60 450.20 44700000
20210906 450.20 539.00 449.40 451.00 44800000
20210907 451.00 540.00 450.20 451.80 44900000
20210908 451.80 541.00 451.00 452.60 45000000
20210909 452.60 542.00 451.80 453.40 45100000
20210910 453.40 543.00 452.60 454.20 45200000
20210913 454.20 544.00 453.40 455.00 45300000
20210914 455.00 545.00 454.20 455.80 45400000
20210915 455.80 546.00 455.00 456.60 45500000
20210916 456.60 547.00 455.80 457.40 45600000
20210917 457.40 548.00 456.60 458.20 45700000
20210920 458.20 549.00 457.40 459.00 45800000
20210921 459.00 550.00 458.20 459.80 45900000
20210922 459.80 551.00 459.00 460.60 46000000
20210923 460.60 552.00 459.80 461.40 46100000
20210924 461.40 553.00 460.60 462.20 46200000
20210927 462.20 554.00 461.40 463.00 46300000
20210928 463.00 555.00 462.20 463.80 46400000
20210929 463.80 556.00 463.00 464.60 46500000
20210930 464.60 557.00 463.80 465.40 46600000
20211001 465.40 558.00 464.60 466.20 46700000
20211004 466.20 559.00 465.40 467.00 46800000
20211005 467.00 560.00 466.20 467.80 46900000
20211006 467.80 561.00 467.00 468.60 47000000
20211007 468.60 562.00 467.80 469.40 47100000
20211008 469.40 563.00 468.60 470.20 47200000
20211011 470.20 564.00 469.40 471.00 47300000
20211012 471.00 565.00 470.20 471.80 47400000
20211013 471.80 566.00 471.00 472.60 47500000
20211014 472.60 567.00 471.80 473.40 47600000
20211015 473.40 568.00 472.60 474.20 47700000
20211018 474.20 569.00 473.40 475.00 47800000
20211019 475.00 570.00 474.20 475.80 47900000
20211020 475.80 571.00 475.00 476.60 48000000
20211021 476.60 572.00 475.80 477.40 48100000
20211022 477.40 573.00 476.60 478.20 48200000
20211025 478.20 574.00 477.40 479.00 48300000
20211026 479.00 575.00 478.20 479.80 48400000
20211027 479.80 576.00 479.00 480.60 48500000
20211028 480.60 577.00 479.80 481.40 48600000
20211029 481.40 578.00 480.60 482.20 48700000
20211101 482.20 579.00 481.40 483.00 48800000
20211102 483.00 580.00 482.20 483.80 48900000
20211103 483.80 581.00 483.00 484.60 49000000
20211104 484.60 582.00 483.80 485.40 49100000
20211105 485.40 583.00 484.60 486.20 49200000
20211108 486.20 584.00 485.40 487.00 49300000
20211109 487.00 585.00 486.20 487.80 49400000
20211110 487.80 586.00 487.00 488.60 49500000
20211111 488.60 587.00 487.80 489.40 49600000
20211112 489.40 588.00 488.60 490.20 49700000
20211115 490.20 589.00 489.40 491.00 49800000
20211116 491.00 590.00 490.20 491.80 49900000
20211117 491.80 591.00 491.00 492.60 50000000
20211118 492.60 592.00 491.80 493.40 50100000
20211119 493.40 593.00 492.60 494.20 50200000
20211122 494.20 594.00 493.40 495.00 50300000
20211123 495.00 595.00 494.20 495.80 50400000
20211124 495.80 596.00 495.00 496.60 50500000
20211125 496.60 597.00 495.80 497.40 50600000
20211126 497.40 598.00 496.60 498.20 50700000
20211129 498.20 599.00 497.40 499.00 50800000
20211130 499.00 600.00 498.20 499.80 50900000
20211201 499.80 601.00 499.00 500.60 51000000
20211202 500.60 602.00 499.80 501.40 51100000
20211203 501.40 603.00 500.60 502.20 51200000
20211206 502.20 604.00 501.40 503.00 51300000
20211207 503.00 605.00 502.20 503.80 51400000
20211208 503.80 606.00 503.00 504.60 51500000
20211209 504.60 607.00 503.80 505.40 51600000
20211210 505.40 608.00 504.60 506.20 51700000
20211213 506.20 609.00 505.40 507.00 51800000
20211214 507.00 610.00 506.20 507.80 51900000
20211215 507.80 611.00 507.00 508.60 52000000
20211216 508.60 612.00 507.80 509.40 52100000
20211217 509.40 613.00 508.60 510.20 52200000
20211220 510.20 614.00 509.40 511.00 52300000
20211221 511.00 615.00 510.20 511.80 52400000
20211222 511.80 616.00 511.00 512.60 52500000
20211223 512.60 617.00 511.80 513.40 52600000
20211224 513.40 618.00 512.60 514.20 52700000
20211227 514.20 619.00 513.40 515.00 52800000
20211228 515.00 620.00 514.20 515.80 52900000
20211229 515.80 621.00 515.00 516.60 53000000
20211230 516.60 622.00 515.80 517.40 53100000
20211231 517.40 623.00 516.60 518.20 53200000
20220103 518.20 624.00 517.40 519.00 53300000
20220104 519.00 625.00 518.20 519.80 53400000
20220105 519.80 626.00 519.00 520.60 53500000
20220106 520.60 627.00 519.80 521.40 53600000
20220107 521.40 628.00 520.60 522.20 53700000
20220110 522.20 629.00 521.40 523.00 53800000
20220111 523.00 630.00 522.20 523.80 53900000
20220112 523.80 631.00 523.00 524.60 54000000
20220113 524.60 632.00 523.80 525.40 54100000
20220114 525.40 633.00 524.60 526.20 54200000
20220117 526.20 634.00 525.40 527.00 54300000
20220118 527.00 635.00 526.20 527.80 54400000
20220119 527.80 636.00 527.00 528.60 54500000
20220120 528.60 637.00 527.80 529.40 54600000
20220121 529.40 638.00 528.60 530.20 54700000
20220124 530.20 639.00 529.40 531.00 54800000
20220125 531.00 640.00 530.20 531.80 54900000
20220126 531.80 641.00 531.00 532.60 55000000
20220127 532.60 642.00 531.80 533.40 55100000
20220128 533.40 643.00 532.60 534.20 55200000
20220131 534.20 644.00 533.40 535.00 55300000
20220201 535.00 645.00 534.20 535.80 55400000
20220202 535.80 646.00 535.00 536.60 55500000
20220203 536.60 647.00 535.80 537.40 55600000
20220204 537.40 648.00 536.60 538.20 55700000
20220207 538.20 649.00 537.40 539.00 55800000
20220208 539.00 650.00 538.20 539.80 55900000
20220209 539.80 651.00 539.00 540.60 56000000
20220210 540.60 652.00 539.80 541.40 56100000
20220211 541.40 653.00 540.60 542.20 56200000
20220214 542.20 654.00 541.40 543.00 56300000
20220215 543.00 655.00 542.20 543.80 56400000
20220216 543.80 656.00 543.00 544.60 56500000
20220217 544.60 657.00 543.80 545.40 56600000
20220218 545.40 658.00 544.60 546.20 56700000
20220221 546.20 659.00 545.40 547.00 56800000
20220222 547.00 660.00 546.20 547.80 56900000
20220223 547.80 661.00 547.00 548.60 57000000
20220224 548.60 662.00 547.80 549.40 57100000
20220225 549.40 663.00 548.60 550.20 57200000
20220228 550.20 664.00 549.40 551.00 57300000
20220301 551.00 665.00 550.20 551.80 57400000
20220302 551.80 666.00 551.00 552.60 57500000
20220303 552.60 667.00 551.80 553.40 57600000
20220304 553.40 668.00 552.60 554.20 57700000
20220307 554.20 669.00 553.40 555.00 57800000
20220308 555.00 670.00 554.20 555.80 57900000
20220309 555.80 671.00 555.00 556.60 58000000
20220310 556.60 672.00 555.80 557.40 58100000
20220311 557.40 673.00 556.60 558.20 58200000
20220314 558.20 674.00 557.40 559.00 58300000
20220315 559.00 675.00 558.20 559.80 58400000
20220316 559.80 676.00 559.00 560.60 58500000
20220317 560.60 677.00 559.80 561.40 58600000
20220318 561.40 678.00 560.60 562.20 58700000
20220321 562.20 679.00 561.40 563.00 58800000
20220322 563.00 680.00 562.20 563.80 58900000
20220323 563.80 681.00 563.00 564.60 59000000
20220324 564.60 682.00 563.80 565.40 59100000
20220325 565.40 683.00 564.60 566.20 59200000
20220328 566.20 684.00 565.40 567.00 59300000
20220329 567.00 685.00 566.20 567.80 59400000
20220330 567.80 686.00 567.00 568.60 59500000
20220331 568.60 687.00 567.80 569.40 59600000
20220401 569.40 688.00 568.60 570.20 59700000
20220404 570.20 689.00 569.40 571.00 59800000
20220405 571.00 690.00 570.20 571.80 59900000
20220406 571.80 691.00 571.00 572.60 60000000
20220407 572.60 692.00 571.80 573.40 60100000
20220408 573.40 693.00 572.60 574.20 60200000
20220411 574.20 694.00 573.40 575.00 60300000
20220412 575.00 695.00 574.20 575.80 60400000
20220413 575.80 696.00 575.00 576.60 60500000
20220414 576.60 697.00 575.80 577.40 60600000
20220415 577.40 698.00 576.60 578.20 60700000
20220418 578.20 699.00 577.40 579.00 60800000
20220419 579.00 700.00 578.20 579.80 60900000
20220420 579.80 701.00 579.00 580.60 61000000
20220421 580.60 702.00 579.80 581.40 61100000
20220422 581.40 703.00 580.60 582.20 61200000
20220425 582.20 704.00 581.40 583.00 61300000
20220426 583.00 705.00 582.20 583.80 61400000
20220427 583.80 706.00 583.00 584.60 61500000
20220428 584.60 707.00 583.80 585.40 61600000
20220429 585.40 708.00 584.60 586.20 61700000
20220502 586.20 709.00 585.40 587.00 61800000
20220503 587.00 710.00 586.20 587.80 61900000
20220504 587.80 711.00 587.00 588.60 62000000
20220505 588.60 712.00 587.80 589.40 62100000
20220506 589.40 713.00 588.60 590.20 62200000
20220509 590.20 714.00 589.40 591.00 62300000
20220510 591.00 715.00 590.20 591.80 62400000
20220511 591.80 716.00 591.00 592.60 62500000
20220512 592.60 717.00 591.80 593.40 62600000
20220513 593.40 718.00 592.60 594.20 62700000
20220516 594.20 719.00 593.40 595.00 62800000
20220517 595.00 720.00 594.20 595.80 62900000
20220518 595.80 721.00 595.00 596.60 63000000
20220519 596.60 722.00 595.80 597.40 63100000
20220520 597.40 723.00 596.60 598.20 63200000
20220523 598.20 724.00 597.40 599.00 63300000
20220524 599.00 725.00 598.20 599.80 63400000
20220525 599.80 726.00 599.00 600.60 63500000
20220526 600.60 727.00 599.80 601.40 63600000
20220527 601.40 728.00 600.60 602.20 63700000
20220530 602.20 729.00 601.40 603.00 63800000
20220531 603.00 730.00 602.20 603.80 63900000
20220601 603.80 731.00 603.00 604.60 64000000
20220602 604.60 732.00 603.80 605.40 64100000
20220603 605.40 733.00 604.60 606.20 64200000
20220606 606.20 734.00 605.40 607.00 64300000
20220607 607.00 735.00 606.20 607.80 64400000
20220608 607.80 736.00 607.00 608.60 64500000
20220609 608.60 737.00 607.80 609.40 64600000
20220610 609.40 738.00 608.60 610.20 64700000
20220613 610.20 739.00 609.40 611.00 64800000
20220614 611.00 740.00 610.20 611.80 64900000
20220615 611.80 741.00 611.00 612.60 65000000
20220616 612.60 742.00 611.80 613.40 65100000
20220617 613.40 743.00 612.60 614.20 65200000
20220620 614.20 744.00 613.40 615.00 65300000
20220621 615.00 745.00 614.20 615.80 65400000
20220622 615.80 746.00 615.00 616.60 65500000
20220623 616.60 747.00 615.80 617.40 65600000
20220624 617.40 748.00 616.60 618.20 65700000
20220627 618.20 749.00 617.40 619.00 65800000
20220628 619.00 750.00 618.20 619.80 65900000
20220629 619.80 751.00 619.00 620.60 66000000
20220630 620.60 752.00 619.80 621.40 66100000
20220701 621.40 753.00 620.60 622.20 66200000
20220704 622.20 754.00 621.40 623.00 66300000
20220705 623.00 755.00 622.20 623.80 66400000
20220706 623.80 756.00 623.00 624.60 66500000
20220707 624.60 757.00 623.80 625.40 66600000
20220708 625.40 758.00 624.60 626.20 66700000
20220711 626.20 759.00 625.40 627.00 66800000
20220712 627.00 760.00 626.20 627.80 66900000
20220713 627.80 761.00 627.00 628.60 67000000
20220714 628.60 762.00 627.80 629.40 67100000
20220715 629.40 763.00 628.60 630.20 67200000
20220718 630.20 764.00 629.40 631.00 67300000
20220719 631.00 765.00 630.20 631.80 67400000
20220720 631.80 766.00 631.00 632.60 67500000
20220721 632.60 767.00 631.80 633.40 67600000
20220722 633.40 768.00 632.60 634.20 67700000
20220725 634.20 769.00 633.40 635.00 67800000
20220726 635.00 770.00 634.20 635.80 67900000
20220727 635.80 771.00 635.00 636.60 68000000
20220728 636.60 772.00 635.80 637.40 68100000
20220729 637.40 773.00 636.60 638.20 68200000
20220801 638.20 774.00 637.40 639.00 68300000
20220802 639.00 775.00 638.20 639.80 68400000
20220803 639.80 776.00 639.00 640.60 68500000
20220804 640.60 777.00 639.80 641.40 68600000
20220805 641.40 778.00 640.60 642.20 68700000
20220808 642.20 779.00 641.40 643.00 68800000
20220809 643.00 780.00 642.20 643.80 68900000
20220810 643.80 781.00 643.00 644.60 69000000
20220811 644.60 782.00 643.80 645.40 69100000
20220812 645.40 783.00 644.60 646.20 69200000
20220815 646.20 784.00 645.40 647.00 69300000
20220816 647.00 785.00 646.20 647.80 69400000
20220817 647.80 786.00 647.00 648.60 69500000
20220818 648.60 787.00 647.80 649.40 69600000
20220819 649.40 788.00 648.60 650.20 69700000
20220822 650.20 789.00 649.40 651.00 69800000
20220823 651.00 790.00 650.20 651.80 69900000
20220824 651.80 791.00 651.00 652.60 70000000
20220825 652.60 792.00 651.80 653.40 70100000
20220826 653.40 793.00 652.60 654.20 70200000
20220829 654.20 794.00 653.40 655.00 70300000
20220830 655.00 795.00 654.20 655.80 70400000
20220831 655.80 796.00 655.00 656.60 70500000
20220901 656.60 797.00 655.80 657.40 70600000
20220902 657.40 798.00 656.60 658.20 70700000
20220905 658.20 799.00 657.40 659.00 70800000
20220906 659.00 800.00 658.20 659.80 70900000
20220907 659.80 801.00 659.00 660.60 71000000
20220908 660.60 802.00 659.80 661.40 71100000
20220909 661.40 803.00 660.60 662.20 71200000
20220912 662.20 804.00 661.40 663.00 71300000
20220913 663.00 805.00 662.20 663.80 71400000
20220914 663.80 806.00 663.00 664.60 71500000
20220915 664.60 807.00 663.80 665.40 71600000
20220916 665.40 808.00 664.60 666.20 71700000
20220919 666.20 809.00 665.40 667.00 71800000
20220920 667.00 810.00 666.20 667.80 71900000
20220921 667.80 811.00 667.00 668.60 72000000
20220922 668.60 812.00 667.80 669.40 72100000
20220923 669.40 813.00 668.60 670.20 72200000
20220926 670.20 814.00 669.40 671.00 72300000
20220927 671.00 815.00 670.20 671.80 72400000
20220928 671.80 816.00 671.00 672.60 72500000
20220929 672.60 817.00 671.80 673.40 72600000
20220930 673.40 818.00 672.60 674.20 72700000
20221003 674.20 819.00 673.40 675.00 72800000
20221004 675.00 820.00 674.20 675.80 72900000
20221005 675.80 821.00 675.00 676.60 73000000
20221006 676.60 822.00 675.80 677.40 73100000
20221007 677.40 823.00 676.60 678.20 73200000
20221010 678.20 824.00 677.40 679.00 73300000
20221011 679.00 825.00 678.20 679.80 73400000
20221012 679.80 826.00 679.00 680.60 73500000
20221013 680.60 827.00 679.80 681.40 73600000
20221014 681.40 828.00 680.60 682.20 73700000
20221017 682.20 829.00 681.40 683.00 73800000
20221018 683.00 830.00 682.20 683.80 73900000
20221019 683.80 831.00 683.00 684.60 74000000
20221020 684.60 832.00 683.80 685.40 74100000
20221021 685.40 833.00 684.60 686.20 74200000
20221024 686.20 834.00 685.40 687.00 74300000
20221025 687.00 835.00 686.20 687.80 74400000
20221026 687.80 836.00 687.00 688.60 74500000
20221027 688.60 837.00 687.80 689.40 74600000
20221028 689.40 838.00 688.60 690.20 74700000
20221031 690.20 839.00 689.40 691.00 74800000
20221101 691.00 840.00 690.20 691.80 74900000
20221102 691.80 841.00 691.00 692.60 75000000
20221103 692.60 842.00 691.80 693.40 75100000
20221104 693.40 843.00 692.60 694.20 75200000
20221107 694.20 844.00 693.40 695.00 75300000
20221108 695.00 845.00 694.20 695.80 75400000
20221109 695.80 846.00 695.00 696.60 75500000
20221110 696.60 847.00 695.80 697.40 75600000
20221111 697.40 848.00 696.60 698.20 75700000
20221114 698.20 849.00 697.40 699.00 75800000
20221115 699.00 850.00 698.20 699.80 75900000
20221116 699.80 851.00 699.00 700.60 76000000
20221117 700.60 852.00 699.80 701.40 76100000
20221118 701.40 853.00 700.60 702.20 76200000
20221121 702.20 854.00 701.40 703.00 76300000
20221122 703.00 855.00 702.20 703.80 76400000
20221123 703.80 856.00 703.00 704.60 76500000
20221124 704.60 857.00 703.80 705.40 76600000
20221125 705.40 858.00 704.60 706.20 76700000
20221128 706.20 859.00 705.40 707.00 76800000
20221129 707.00 860.00 706.20 707.80 76900000
20221130 707.80 861.00 707.00 708.60 77000000
20221201 708.60 862.00 707.80 709.40 77100000
20221202 709.40 863.00 708.60 710.20 77200000
20221205 710.20 864.00 709.40 711.00 77300000
20221206 711.00 865.00 710.20 711.80 77400000
20221207 711.80 866.00 711.00 712.60 77500000
20221208 712.60 867.00 711.80 713.40 77600000
20221209 713.40 868.00 712.60 714.20 77700000
20221212 714.20 869.00 713.40 715.00 77800000
20221213 715.00 870.00 714.20 715.80 77900000
20221214 715.80 871.00 715.00 716.60 78000000
20221215 716.60 872.00 715.80 717.40 78100000
20221216 717.40 873.00 716.60 718.20 78200000
20221219 718.20 874.00 717.40 719.00 78300000
20221220 719.00 875.00 718.20 719.80 78400000
20221221 719.80 876.00 719.00 720.60 78500000
20221222 720.60 877.00 719.80 721.40 78600000
20221223 721.40 878.00 720.60 722.20 78700000
20221226 722.20 879.00 721.40 723.00 78800000
20221227 723.00 880.00 722.20 723.80 78900000
20221228 723.80 881.00 723.00 724.60 79000000
20221229 724.60 882.00 723.80 725.40 79100000
20221230 725.40 883.00 724.60 726.20 79200000
20230102 726.20 884.00 725.40 727.00 79300000
20230103 727.00 885.00 726.20 727.80 79400000
20230104 727.80 886.00 727.00 728.60 79500000
20230105 728.60 887.00 727.80 729.40 79600000
20230106 729.40 888.00 728.60 730.20 79700000
20230109 730.20 889.00 729.40 731.00 79800000
20230110 731.00 890.00 730.20 731.80 79900000
20230111 731.80 891.00 731.00 732.60 80000000
20230112 732.60 892.00 731.80 733.40 80100000
20230113 733.40 893.00 732.60 734.20 80200000
20230116 734.20 894.00 733.40 735.00 80300000
20230117 735.00 895.00 734.20 735.80 80400000
20230118 735.80 896.00 735.00 736.60 80500000
20230119 736.60 897.00 735.80 737.40 80600000
20230120 737.40 898.00 736.60 738.20 80700000
20230123 738.20 899.00 737.40 739.00 80800000
20230124 739.00 900.00 738.20 739.80 80900000
20230125 739.80 901.00 739.00 740.60 81000000
20230126 740.60 902.00 739.80 741.40 81100000
20230127 741.40 903.00 740.60 742.20 81200000
20230130 742.20 904.00 741.40 743.00 81300000
20230131 743.00 905.00 742.20 743.80 81400000
20230201 743.80 906.00 743.00 744.60 81500000
20230202 744.60 907.00 743.80 745.40 81600000
20230203 745.40 908.00 744.60 746.20 81700000
20230206 746.20 909.00 745.40 747.00 81800000
20230207 747.00 910.00 746.20 747.80 81900000
20230208 747.80 911.00 747.00 748.60 82000000
20230209 748.60 912.00 747.80 749.40 82100000
20230210 749.40 913.00 748.60 750.20 82200000
20230213 750.20 914.00 749.40 751.00 82300000
20230214 751.00 915.00 750.20 751.80 82400000
20230215 751.80 916.00 751.00 752.60 82500000
20230216 752.60 917.00 751.80 753.40 82600000
20230217 753.40 918.00 752.60 754.20 82700000
20230220 754.20 919.00 753.40 755.00 82800000
20230221 755.00 920.00 754.20 755.80 82900000
20230222 755.80 921.00 755.00 756.60 83000000
20230223 756.60 922.00 755.80 757.40 83100000
20230224 757.40 923.00 756.60 758.20 83200000
20230227 758.20 924.00 757.40 759.00 83300000
20230228 759.00 925.00 758.20 759.80 83400000
20230301 759.80 926.00 759.00 760.60 83500000
20230302 760.60 927.00 759.80 761.40 83600000
20230303 761.40 928.00 760.60 762.20 83700000
20230306 762.20 929.00 761.40 763.00 83800000
20230307 763.00 930.00 762.20 763.80 83900000
20230308 763.80 931.00 763.00 764.60 84000000
20230309 764.60 932.00 763.80 765.40 84100000
20230310 765.40 933.00 764.60 766.20 84200000
20230313 766.20 934.00 765.40 767.00 84300000
20230314 767.00 935.00 766.20 767.80 84400000
20230315 767.80 936.00 767.00 768.60 84500000
20230316 768.60 937.00 767.80 769.40 84600000
20230317 769.40 938.00 768.60 770.20 84700000
20230320 770.20 939.00 769.40 771.00 84800000
20230321 771.00 940.00 770.20 771.80 84900000
20230322 771.80 941.00 771.00 772.60 85000000
20230323 772.60 942.00 771.80 773.40 85100000
20230324 773.40 943.00 772.60 774.20 85200000
20230327 774.20 944.00 773.40 775.00 85300000
20230328 775.00 945.00 774.20 775.80 85400000
20230329 775.80 946.00 775.00 776.60 85500000
20230330 776.60 947.00 775.80 777.40 85600000
20230331 777.40 948.00 776.60 778.20 85700000
20230403 778.20 949.00 777.40 779.00 85800000
20230404 779.00 950.00 778.20 779.80 85900000
20230405 779.80 951.00 779.00 780.60 86000000
20230406 780.60 952.00 779.80 781.40 86100000
20230407 781.40 953.00 780.60 782.20 86200000
20230410 782.20 954.00 781.40 783.00 86300000
20230411 783.00 955.00 782.20 783.80 86400000
20230412 783.80 956.00 783.00 784.60 86500000
20230413 784.60 957.00 783.80 785.40 86600000
20230414 785.40 958.00 784.60 786.20 86700000
20230417 786.20 959.00 785.40 787.00 86800000
20230418 787.00 960.00 786.20 787.80 86900000
20230419 787.80 961.00 787.00 788.60 87000000
20230420 788.60 962.00 787.80 789.40 87100000
20230421 789.40 963.00 788.60 790.20 87200000
20230424 790.20 964.00 789.40 791.00 87300000
20230425 791.00 965.00 790.20 791.80 87400000
20230426 791.80 966.00 791.00 792.60 87500000
20230427 792.60 967.00 791.80 793.40 87600000
20230428 793.40 968.00 792.60 794.20 87700000
20230501 794.20 969.00 793.40 795.00 87800000
20230502 795.00 970.00 794.20 795.80 87900000
20230503 795.80 971.00 795.00 796.60 88000000
20230504 796.60 972.00 795.80 797.40 88100000
20230505 797.40 973.00 796.60 798.20 88200000
20230508 798.20 974.00 797.40 799.00 88300000
20230509 799.00 975.00 798.20 799.80 88400000
20230510 799.80 976.00 799.00 800.60 88500000
20230511 800.60 977.00 799.80 801.40 88600000
20230512 801.40 978.00 800.60 802.20 88700000
20230515 802.20 979.00 801.40 803.00 88800000
20230516 803.00 980.00 802.20 803.80 88900000
20230517 803.80 981.00 803.00 804.60 89000000
20230518 804.60 982.00 803.80 805.40 89100000
20230519 805.40 983.00 804.60 806.20 89200000
20230522 806.20 984.00 805.40 807.00 89300000
20230523 807.00 985.00 806.20 807.80 89400000
20230524 807.80 986.00 807.00 808.60 89500000
20230525 808.60 987.00 807.80 809.40 89600000
20230526 809.40 988.00 808.60 810.20 89700000
20230529 810.20 989.00 809.40 811.00 89800000
20230530 811.00 990.00 810.20 811.80 89900000
20230531 811.80 991.00 811.00 812.60 90000000
20230601 812.60 992.00 811.80 813.40 90100000
20230602 813.40 993.00 812.60 814.20 90200000
20230605 814.20 994.00 813.40 815.00 90300000
20230606 815.00 995.00 814.20 815.80 90400000
20230607 815.80 996.00 815.00 816.60 90500000
20230608 816.60 997.00 815.80 817.40 90600000
20230609 817.40 998.00 816.60 818.20 90700000
20230612 818.20 999.00 817.40 819.00 90800000
20230613 819.00 1000.00 818.20 819.80 90900000
20230614 819.80 1001.00 819.00 820.60 91000000
20230615 820.60 1002.00 819.80 821.40 91100000
20230616 821.40 1003.00 820.60 822.20 91200000
20230619 822.20 1004.00 821.40 823.00 91300000
20230620 823.00 1005.00 822.20 823.80 91400000
20230621 823.80 1006.00 823.00 824.60 91500000
20230622 824.60 1007.00 823.80 825.40 91600000
20230623 825.40 1008.00 824.60 826.20 91700000
20230626 826.20 1009.00 825.40 827.00 91800000
20230627 827.00 1010.00 826.20 827.80 91900000
20230628 827.80 1011.00 827.00 828.60 92000000
20230629 828.60 1012.00 827.80 829.40 92100000
20230630 829.40 1013.00 828.60 830.20 92200000
20230703 830.20 1014.00 829.40 831.00 92300000
20230704 831.00 1015.00 830.20 831.80 92400000
20230705 831.80 1016.00 831.00 832.60 92500000
20230706 832.60 1017.00 831.80 833.40 92600000
20230707 833.40 1018.00 832.60 834.20 92700000
20230710 834.20 1019.00 833.40 835.00 92800000
20230711 835.00 1020.00 834.20 835.80 92900000
20230712 835.80 1021.00 835.00 836.60 93000000
20230713 836.60 1022.00 835.80 837.40 93100000
20230714 837.40 1023.00 836.60 838.20 93200000
20230717 838.20 1024.00 837.40 839.00 93300000
20230718 839.00 1025.00 838.20 839.80 93400000
20230719 839.80 1026.00 839.00 840.60 93500000
20230720 840.60 1027.00 839.80 841.40 93600000
20230721 841.40 1028.00 840.60 842.20 93700000
20230724 842.20 1029.00 841.40 843.00 93800000
20230725 843.00 1030.00 842.20 843.80 93900000
20230726 843.80 1031.00 843.00 844.60 94000000
20230727 844.60 1032.00 843.80 845.40 94100000
20230728 845.40 1033.00 844.60 846.20 94200000
20230731 846.20 1034.00 845.40 847.00 94300000
20230801 847.00 1035.00 846.20 847.80 94400000
20230802 847.80 1036.00 847.00 848.60 94500000
20230803 848.60 1037.00 847.80 849.40 94600000
20230804 849.40 1038.00 848.60 850.20 94700000
20230807 850.20 1039.00 849.40 851.00 94800000
20230808 851.00 1040.00 850.20 851.80 94900000
20230809 851.80 1041.00 851.00 852.60 95000000
20230810 852.60 1042.00 851.80 853.40 95100000
20230811 853.40 1043.00 852.60 854.20 95200000
20230814 854.20 1044.00 853.40 855.00 95300000
20230815 855.00 1045.00 854.20 855.80 95400000
20230816 855.80 1046.00 855.00 856.60 95500000
20230817 856.60 1047.00 855.80 857.40 95600000
20230818 857.40 1048.00 856.60 858.20 95700000
20230821 858.20 1049.00 857.40 859.00 95800000
20230822 859.00 1050.00 858.20 859.80 95900000
20230823 859.80 1051.00 859.00 860.60 96000000
20230824 860.60 1052.00 859.80 861.40 96100000
20230825 861.40 1053.00 860.60 862.20 96200000
20230828 862.20 1054.00 861.40 863.00 96300000
20230829 863.00 1055.00 862.20 863.80 96400000
20230830 863.80 1056.00 863.00 864.60 96500000
20230831 864.60 1057.00 863.80 865.40 96600000
20230901 865.40 1058.00 864.60 866.20 96700000
20230904 866.20 1059.00 865.40 867.00 96800000
20230905 867.00 1060.00 866.20 867.80 96900000
20230906 867.80 1061.00 867.00 868.60 97000000
20230907 868.60 1062.00 867.80 869.40 97100000
20230908 869.40 1063.00 868.60 870.20 97200000
20230911 870.20 1064.00 869.40 871.00 97300000
20230912 871.00 1065.00 870.20 871.80 97400000
20230913 871.80 1066.00 871.00 872.60 97500000
20230914 872.60 1067.00 871.80 873.40 97600000
20230915 873.40 1068.00 872.60 874.20 97700000
20230918 874.20 1069.00 873.40 875.00 97800000
20230919 875.00 1070.00 874.20 875.80 97900000
20230920 875.80 1071.00 875.00 876.60 98000000
20230921 876.60 1072.00 875.80 877.40 98100000
20230922 877.40 1073.00 876.60 878.20 98200000
20230925 878.20 1074.00 877.40 879.00 98300000
20230926 879.00 1075.00 878.20 879.80 98400000
20230927 879.80 1076.00 879.00 880.60 98500000
20230928 880.60 1077.00 879.80 881.40 98600000
20230929 881.40 1078.00 880.60 882.20 98700000
20231002 882.20 1079.00 881.40 883.00 98800000
20231003 883.00 1080.00 882.20 883.80 98900000
20231004 883.80 1081.00 883.00 884.60 99000000
20231005 884.60 1082.00 883.80 885.40 99100000
20231006 885.40 1083.00 884.60 886.20 99200000
20231009 886.20 1084.00 885.40 887.00 99300000
20231010 887.00 1085.00 886.20 887.80 99400000
20231011 887.80 1086.00 887.00 888.60 99500000
20231012 888.60 1087.00 887.80 889.40 99600000
20231013 889.40 1088.00 888.60 890.20 99700000
20231016 890.20 1089.00 889.40 891.00 99800000
20231017 891.00 1090.00 890.20 891.80 99900000
20231018 891.80 1091.00 891.00 892.60 100000000
20231019 892.60 1092.00 891.80 893.40 100100000
20231020 893.40 1093.00 892.60 894.20 100200000
20231023 894.20 1094.00 893.40 895.00 100300000
20231024 895.00 1095.00 894.20 895.80 100400000
20231025 895.80 1096.00 895.00 896.60 100500000
20231026 896.60 1097.00 895.80 897.40 100600000
20231027 897.40 1098.00 896.60 898.20 100700000
20231030 898.20 1099.00 897.40 899.00 100800000
20231031 899.00 1100.00 898.20 899.80 100900000
20231101 899.80 1101.00 899.00 900.60 101000000
20231102 900.60 1102.00 899.80 901.40 101100000
20231103 901.40 1103.00 900.60 902.20 101200000
20231106 902.20 1104.00 901.40 903.00 101300000
20231107 903.00 1105.00 902.20 903.80 101400000
20231108 903.80 1106.00 903.00 904.60 101500000
20231109 904.60 1107.00 903.80 905.40 101600000
20231110 905.40 1108.00 904.60 906.20 101700000
20231113 906.20 1109.00 905.40 907.00 101800000
20231114 907.00 1110.00 906.20 907.80 101900000
20231115 907.80 1111.00 907.00 908.60 102000000
20231116 908.60 1112.00 907.80 909.40 102100000
20231117 909.40 1113.00 908.60 910.20 102200000
20231120 910.20 1114.00 909.40 911.00 102300000
20231121 911.00 1115.00 910.20 911.80 102400000
20231122 911.80 1116.00 911.00 912.60 102500000
20231123 912.60 1117.00 911.80 913.40 102600000
20231124 913.40 1118.00 912.60 914.20 102700000
20231127 914.20 1119.00 913.40 915.00 102800000
20231128 915.00 1120.00 914.20 915.80 102900000
20231129 915.80 1121.00 915.00 916.60 103000000
20231130 916.60 1122.00 915.80 917.40 103100000
20231201 917.40 1123.00 916.60 918.20 103200000
20231204 918.20 1124.00 917.40 919.00 103300000
20231205 919.00 1125.00 918.20 919.80 103400000
20231206 919.80 1126.00 919.00 920.60 103500000
20231207 920.60 1127.00 919.80 921.40 103600000
20231208 921.40 1128.00 920.60 922.20 103700000
20231211 922.20 1129.00 921.40 923.00 103800000
20231212 923.00 1130.00 922.20 923.80 103900000
20231213 923.80 1131.00 923.00 924.60 104000000
20231214 924.60 1132.00 923.80 925.40 104100000
20231215 925.40 1133.00 924.60 926.20 104200000
20231218 926.20 1134.00 925.40 927.00 104300000
20231219 927.00 1135.00 926.20 927.80 104400000
20231220 927.80 1136.00 927.00 928.60 104500000
20231221 928.60 1137.00 927.80 929.40 104600000
20231222 929.40 1138.00 928.60 930.20 104700000
20231225 930.20 1139.00 929.40 931.00 104800000
20231226 931.00 1140.00 930.20 931.80 104900000
20231227 931.80 1141.00 931.00 932.60 105000000
20231228 932.60 1142.00 931.80 933.40 105100000
20231229 933.40 1143.00 932.60 934.20 105200000
20240101 934.20 1144.00 933.40 935.00 105300000
20240102 935.00 1145.00 934.20 935.80 105400000
20240103 935.80 1146.00 935.00 936.60 105500000
20240104 936.60 1147.00 935.80 937.40 105600000
20240105 937.40 1148.00 936.60 938.20 105700000
20240108 938.20 1149.00 937.40 939.00 105800000
20240109 939.00 1150.00 938.20 939.80 105900000
20240110 939.80 1151.00 939.00 940.60 106000000
20240111 940.60 1152.00 939.80 941.40 106100000
20240112 941.40 1153.00 940.60 942.20 106200000
20240115 942.20 1154.00 941.40 943.00 106300000
20240116 943.00 1155.00 942.20 943.80 106400000
20240117 943.80 1156.00 943.00 944.60 106500000
20240118 944.60 1157.00 943.80 945.40 106600000
20240119 945.40 1158.00 944.60 946.20 106700000
20240122 946.20 1159.00 945.40 947.00 106800000
20240123 947.00 1160.00 946.20 947.80 106900000
20240124 947.80 1161.00 947.00 948.60 107000000
20240125 948.60 1162.00 947.80 949.40 107100000
20240126 949.40 1163.00 948.60 950.20 107200000
20240129 950.20 1164.00 949.40 951.00 107300000
20240130 951.00 1165.00 950.20 951.80 107400000
20240131 951.80 1166.00 951.00 952.60 107500000
20240201 952.60 1167.00 951.80 953.40 107600000
20240202 953.40 1168.00 952.60 954.20 107700000
20240205 954.20 1169.00 953.40 955.00 107800000
20240206 955.00 1170.00 954.20 955.80 107900000
20240207 955.80 1171.00 955.00 956.60 108000000
20240208 956.60 1172.00 955.80 957.40 108100000
20240209 957.40 1173.00 956.60 958.20 108200000
20240212 958.20 1174.00 957.40 959.00 108300000
20240213 959.00 1175.00 958.20 959.80 108400000
20240214 959.80 1176.00 959.00 960.60 108500000
20240215 960.60 1177.00 959.80 961.40 108600000
20240216 961.40 1178.00 960.60 962.20 108700000
20240219 962.20 1179.00 961.40 963.00 108800000
20240220 963.00 1180.00 962.20 963.80 108900000
20240221 963.80 1181.00 963.00 964.60 109000000
20240222 964.60 1182.00 963.80 965.40 109100000
20240223 965.40 1183.00 964.60 966.20 109200000
20240226 966.20 1184.00 965.40 967.00 109300000
20240227 967.00 1185.00 966.20 967.80 109400000
20240228 967.80 1186.00 967.00 968.60 109500000
20240229 968.60 1187.00 967.80 969.40 109600000
20240301 969.40 1188.00 968.60 970.20 109700000
20240304 970.20 1189.00 969.40 971.00 109800000
20240305 971.00 1190.00 970.20 971.80 109900000
20240306 971.80 1191.00 971.00 972.60 110000000
20240307 972.60 1192.00 971.80 973.40 110100000
20240308 973.40 1193.00 972.60 974.20 110200000
20240311 974.20 1194.00 973.40 975.00 110300000
20240312 975.00 1195.00 974.20 975.80 110400000
20240313 975.80 1196.00 975.00 976.60 110500000
20240314 976.60 1197.00 975.80 977.40 110600000
20240315 977.40 1198.00 976.60 978.20 110700000
20240318 978.20 1199.00 977.40 979.00 110800000
20240319 979.00 1200.00 978.20 979.80 110900000
20240320 979.80 1201.00 979.00 980.60 111000000
20240321 980.60 1202.00 979.80 981.40 111100000
20240322 981.40 1203.00 980.60 982.20 111200000
20240325 982.20 1204.00 981.40 983.00 111300000
20240326 983.00 1205.00 982.20 983.80 111400000
20240327 983.80 1206.00 983.00 984.60 111500000
20240328 984.60 1207.00 983.80 985.40 111600000
20240329 985.40 1208.00 984.60 986.20 111700000
20240401 986.20 1209.00 985.40 987.00 111800000
20240402 987.00 1210.00 986.20 987.80 111900000
20240403 987.80 1211.00 987.00 988.60 112000000
20240404 988.60 1212.00 987.80 989.40 112100000
20240405 989.40 1213.00 988.60 990.20 112200000
20240408 990.20 1214.00 989.40 991.00 112300000
20240409 991.00 1215.00 990.20 991.80 112400000
20240410 991.80 1216.00 991.00 992.60 112500000
20240411 992.60 1217.00 991.80 993.40 112600000
20240412 993.40 1218.00 992.60 994.20 112700000
20240415 994.20 1219.00 993.40 995.00 112800000
20240416 995.00 1220.00 994.20 995.80 112900000
20240417 995.80 1221.00 995.00 996.60 113000000
20240418 996.60 1222.00 995.80 997.40 113100000
20240419 997.40 1223.00 996.60 998.20 113200000
20240422 998.20 1224.00 997.40 999.00 113300000
20240423 999.00 1225.00 998.20 999.80 113400000
20240424 999.80 1226.00 999.00 1000.60 113500000
20240425 1000.60 1227.00 999.80 1001.40 113600000
20240426 1001.40 1228.00 1000.60 1002.20 113700000
20240429 1002.20 1229.00 1001.40 1003.00 113800000
20240430 1003.00 1230.00 1002.20 1003.80 113900000
20240501 1003.80 1231.00 1003.00 1004.60 114000000
20240502 1004.60 1232.00 1003.80 1005.40 114100000
20240503 1005.40 1233.00 1004.60 1006.20 114200000
20240506 1006.20 1234.00 1005.40 1007.00 114300000
20240507 1007.00 1235.00 1006.20 1007.80 114400000
20240508 1007.80 1236.00 1007.00 1008.60 114500000
20240509 1008.60 1237.00 1007.80 1009.40 114600000
20240510 1009.40 1238.00 1008.60 1010.20 114700000
20240513 1010.20 1239.00 1009.40 1011.00 114800000
20240514 1011.00 1240.00 1010.20 1011.80 114900000
20240515 1011.80 1241.00 1011.00 1012.60 115000000
20240516 1012.60 1242.00 1011.80 1013.40 115100000
20240517 1013.40 1243.00 1012.60 1014.20 115200000
20240520 1014.20 1244.00 1013.40 1015.00 115300000
20240521 1015.00 1245.00 1014.20 1015.80 115400000
20240522 1015.80 1246.00 1015.00 1016.60 115500000
20240523 1016.60 1247.00 1015.80 1017.40 115600000
20240524 1017.40 1248.00 1016.60 1018.20 115700000
20240527 1018.20 1249.00 1017.40 1019.00 115800000
20240528 1019.00 1250.00 1018.20 1019.80 115900000
20240529 1019.80 1251.00 1019.00 1020.60 116000000
20240530 1020.60 1252.00 1019.80 1021.40 116100000
20240531 1021.40 1253.00 1020.60 1022.20 116200000
20240603 1022.20 1254.00 1021.40 1023.00 116300000
20240604 1023.00 1255.00 1022.20 1023.80 116400000
20240605 1023.80 1256.00 1023.00 1024.60 116500000
20240606 1024.60 1257.00 1023.80 1025.40 116600000
20240607 1025.40 1258.00 1024.60 1026.20 116700000
20240610 1026.20 1259.00 1025.40 1027.00 116800000
20240611 1027.00 1260.00 1026.20 1027.80 116900000
20240612 1027.80 1261.00 1027.00 1028.60 117000000
20240613 1028.60 1262.00 1027.80 1029.40 117100000
20240614 1029.40 1263.00 1028.60 1030.20 117200000
20240617 1030.20 1264.00 1029.40 1031.00 117300000
20240618 1031.00 1265.00 1030.20 1031.80 117400000
20240619 1031.80 1266.00 1031.00 1032.60 117500000
20240620 1032.60 1267.00 1031.80 1033.40 117600000
20240621 1033.40 1268.00 1032.60 1034.20 117700000
20240624 1034.20 1269.00 1033.40 1035.00 117800000
20240625 1035.00 1270.00 1034.20 1035.80 117900000
20240626 1035.80 1271.00 1035.00 1036.60 118000000
20240627 1036.60 1272.00 1035.80 1037.40 118100000
20240628 1037.40 1273.00 1036.60 1038.20 118200000
20240701 1038.20 1274.00 1037.40 1039.00 118300000
20240702 1039.00 1275.00 1038.20 1039.80 118400000
20240703 1039.80 1276.00 1039.00 1040.60 118500000
20240704 1040.60 1277.00 1039.80 1041.40 118600000
20240705 1041.40 1278.00 1040.60 1042.20 118700000
20240708 1042.20 1279.00 1041.40 1043.00 118800000
20240709 1043.00 1280.00 1042.20 1043.80 118900000
20240710 1043.80 1281.00 1043.00 1044.60 119000000
20240711 1044.60 1282.00 1043.80 1045.40 119100000
20240712 1045.40 1283.00 1044.60 1046.20 119200000
20240715 1046.20 1284.00 1045.40 1047.00 119300000
20240716 1047.00 1285.00 1046.20 1047.80 119400000
20240717 1047.80 1286.00 1047.00 1048.60 119500000
20240718 1048.60 1287.00 1047.80 1049.40 119600000
20240719 1049.40 1288.00 1048.60 1050.20 119700000
20240722 1050.20 1289.00 1049.40 1051.00 119800000
20240723 1051.00 1290.00 1050.20 1051.80 119900000
20240724 1051.80 1291.00 1051.00 1052.60 120000000
20240725 1052.60 1292.00 1051.80 1053.40 120100000
20240726 1053.40 1293.00 1052.60 1054.20 120200000
20240729 1054.20 1294.00 1053.40 1055.00 120300000
20240730 1055.00 1295.00 1054.20 1055.80 120400000
20240731 1055.80 1296.00 1055.00 1056.60 120500000
20240801 1056.60 1297.00 1055.80 1057.40 120600000
20240802 1057.40 1298.00 1056.60 1058.20 120700000
20240805 1058.20 1299.00 1057.40 1059.00 120800000
20240806 1059.00 1300.00 1058.20 1059.80 120900000
20240807 1059.80 1301.00 1059.00 1060.60 121000000
20240808 1060.60 1302.00 1059.80 1061.40 121100000
20240809 1061.40 1303.00 1060.60 1062.20 121200000
20240812 1062.20 1304.00 1061.40 1063.00 121300000
20240813 1063.00 1305.00 1062.20 1063.80 121400000
20240814 1063.80 1306.00 1063.00 1064.60 121500000
20240815 1064.60 1307.00 1063.80 1065.40 121600000
20240816 1065.40 1308.00 1064.60 1066.20 121700000
20240819 1066.20 1309.00 1065.40 1067.00 121800000
20240820 1067.00 1310.00 1066.20 1067.80 121900000
20240821 1067.80 1311.00 1067.00 1068.60 122000000
20240822 1068.60 1312.00 1067.80 1069.40 122100000
20240823 1069.40 1313.00 1068.60 1070.20 122200000
20240826 1070.20 1314.00 1069.40 1071.00 122300000
20240827 1071.00 1315.00 1070.20 1071.80 122400000
20240828 1071.80 1316.00 1071.00 1072.60 122500000
20240829 1072.60 1317.00 1071.80 1073.40 122600000
20240830 1073.40 1318.00 1072.60 1074.20 122700000
20240902 1074.20 1319.00 1073.40 1075.00 122800000
20240903 1075.00 1320.00 1074.20 1075.80 122900000
20240904 1075.80 1321.00 1075.00 1076.60 123000000
20240905 1076.60 1322.00 1075.80 1077.40 123100000
20240906 1077.40 1323.00 1076.60 1078.20 123200000
20240909 1078.20 1324.00 1077.40 1079.00 123300000
20240910 1079.00 1325.00 1078.20 1079.80 123400000
20240911 1079.80 1326.00 1079.00 1080.60 123500000
20240912 1080.60 1327.00 1079.80 1081.40 123600000
20240913 1081.40 1328.00 1080.60 1082.20 123700000
20240916 1082.20 1329.00 1081.40 1083.00 123800000
20240917 1083.00 1330.00 1082.20 1083.80 123900000
20240918 1083.80 1331.00 1083.00 1084.60 124000000
20240919 1084.60 1332.00 1083.80 1085.40 124100000
20240920 1085.40 1333.00 1084.60 1086.20 124200000
20240923 1086.20 1334.00 1085.40 1087.00 124300000
20240924 1087.00 1335.00 1086.20 1087.80 124400000
20240925 1087.80 1336.00 1087.00 1088.60 124500000
20240926 1088.60 1337.00 1087.80 1089.40 124600000
20240927 1089.40 1338.00 1088.60 1090.20 124700000
20240930 1090.20 1339.00 1089.40 1091.00 124800000
20241001 1091.00 1340.00 1090.20 1091.80 124900000
20241002 1091.80 1341.00 1091.00 1092.60 125000000
20241003 1092.60 1342.00 1091.80 1093.40 125100000
20241004 1093.40 1343.00 1092.60 1094.20 125200000
20241007 1094.20 1344.00 1093.40 1095.00 125300000
20241008 1095.00 1345.00 1094.20 1095.80 125400000
20241009 1095.80 1346.00 1095.00 1096.60 125500000
20241010 1096.60 1347.00 1095.80 1097.40 125600000
20241011 1097.40 1348.00 1096.60 1098.20 125700000
20241014 1098.20 1349.00 1097.40 1099.00 125800000
20241015 1099.00 1350.00 1098.20 1099.80 125900000
20241016 1099.80 1351.00 1099.00 1100.60 126000000
20241017 1100.60 1352.00 1099.80 1101.40 126100000
20241018 1101.40 1353.00 1100.60 1102.20 126200000
20241021 1102.20 1354.00 1101.40 1103.00 126300000
20241022 1103.00 1355.00 1102.20 1103.80 126400000
20241023 1103.80 1356.00 1103.00 1104.60 126500000
20241024 1104.60 1357.00 1103.80 1105.40 126600000
20241025 1105.40 1358.00 1104.60 1106.20 126700000
20241028 1106.20 1359.00 1105.40 1107.00 126800000
20241029 1107.00 1360.00 1106.20 1107.80 126900000
20241030 1107.80 1361.00 1107.00 1108.60 127000000
20241031 1108.60 1362.00 1107.80 1109.40 127100000
20241101 1109.40 1363.00 1108.60 1110.20 127200000
20241104 1110.20 1364.00 1109.40 1111.00 127300000
20241105 1111.00 1365.00 1110.20 1111.80 127400000
20241106 1111.80 1366.00 1111.00 1112.60 127500000
20241107 1112.60 1367.00 1111.80 1113.40 127600000
20241108 1113.40 1368.00 1112.60 1114.20 127700000
20241111 1114.20 1369.00 1113.40 1115.00 127800000
20241112 1115.00 1370.00 1114.20 1115.80 127900000
20241113 1115.80 1371.00 1115.00 1116.60 128000000
20241114 1116.60 1372.00 1115.80 1117.40 128100000
20241115 1117.40 1373.00 1116.60 1118.20 128200000
20241118 1118.20 1374.00 1117.40 1119.00 128300000
20241119 1119.00 1375.00 1118.20 1119.80 128400000
20241120 1119.80 1376.00 1119.00 1120.60 128500000
20241121 1120.60 1377.00 1119.80 1121.40 128600000
20241122 1121.40 1378.00 1120.60 1122.20 128700000
20241125 1122.20 1379.00 1121.40 1123.00 128800000
20241126 1123.00 1380.00 1122.20 1123.80 128900000
20241127 1123.80 1381.00 1123.00 1124.60 129000000
20241128 1124.60 1382.00 1123.80 1125.40 129100000
20241129 1125.40 1383.00 1124.60 1126.20 129200000
20241202 1126.20 1384.00 1125.40 1127.00 129300000
20241203 1127.00 1385.00 1126.20 1127.80 129400000
20241204 1127.80 1386.00 1127.00 1128.60 129500000
20241205 1128.60 1387.00 1127.80 1129.40 129600000
20241206 1129.40 1388.00 1128.60 1130.20 129700000
20241209 1130.20 1389.00 1129.40 1131.00 129800000
20241210 1131.00 1390.00 1130.20 1131.80 129900000
20241211 1131.80 1391.00 1131.00 1132.60 130000000
20241212 1132.60 1392.00 1131.80 1133.40 130100000
20241213 1133.40 1393.00 1132.60 1134.20 130200000
20241216 1134.20 1394.00 1133.40 1135.00 130300000
20241217 1135.00 1395.00 1134.20 1135.80 130400000
20241218 1135.80 1396.00 1135.00 1136.60 130500000
20241219 1136.60 1397.00 1135.80 1137.40 130600000
20241220 1137.40 1398.00 1136.60 1138.20 130700000
20241223 1138.20 1399.00 1137.40 1139.00 130800000
20241224 1139.00 1400.00 1138.20 1139.80 130900000
20241225 1139.80 1401.00 1139.00 1140.60 131000000
20241226 1140.60 1402.00 1139.80 1141.40 131100000
20241227 1141.40 1403.00 1140.60 1142.20 131200000
20241230 1142.20 1404.00 1141.40 1143.00 131300000
20241231 1143.00 1405.00 1142.20 1143.80 131400000
20250101 1143.80 1406.00 1143.00 1144.60 131500000
20250102 1144.60 1407.00 1143.80 1145.40 131600000
20250103 1145.40 1408.00 1144.60 1146.20 131700000
20250106 1146.20 1409.00 1145.40 1147.00 131800000
20250107 1147.00 1410.00 1146.20 1147.80 131900000
20250108 1147.80 1411.00 1147.00 1148.60 132000000
20250109 1148.60 1412.00 1147.80 1149.40 132100000
20250110 1149.40 1413.00 1148.60 1150.20 132200000
20250113 1150.20 1414.00 1149.40 1151.00 132300000
20250114 1151.00 1415.00 1150.20 1151.80 132400000
20250115 1151.80 1416.00 1151.00 1152.60 132500000
20250116 1152.60 1417.00 1151.80 1153.40 132600000
20250117 1153.40 1418.00 1152.60 1154.20 132700000
20250120 1154.20 1419.00 1153.40 1155.00 132800000
20250121 1155.00 1420.00 1154.20 1155.80 132900000
20250122 1155.80 1421.00 1155.00 1156.60 133000000
20250123 1156.60 1422.00 1155.80 1157.40 133100000
20250124 1157.40 1423.00 1156.60 1158.20 133200000
20250127 1158.20 1424.00 1157.40 1159.00 133300000
20250128 1159.00 1425.00 1158.20 1159.80 133400000
20250129 1159.80 1426.00 1159.00 1160.60 133500000
20250130 1160.60 1427.00 1159.80 1161.40 133600000
20250131 1161.40 1428.00 1160.60 1162.20 133700000
20250203 1162.20 1429.00 1161.40 1163.00 133800000
20250204 1163.00 1430.00 1162.20 1163.80 133900000
20250205 1163.80 1431.00 1163.00 1164.60 134000000
20250206 1164.60 1432.00 1163.80 1165.40 134100000
20250207 1165.40 1433.00 1164.60 1166.20 134200000
20250210 1166.20 1434.00 1165.40 1167.00 134300000
20250211 1167.00 1435.00 1166.20 1167.80 134400000
20250212 1167.80 1436.00 1167.00 1168.60 134500000
20250213 1168.60 1437.00 1167.80 1169.40 134600000
20250214 1169.40 1438.00 1168.60 1170.20 134700000
20250217 1170.20 1439.00 1169.40 1171.00 134800000
20250218 1171.00 1440.00 1170.20 1171.80 134900000
20250219 1171.80 1441.00 1171.00 1172.60 135000000
20250220 1172.60 1442.00 1171.80 1173.40 135100000
20250221 1173.40 1443.00 1172.60 1174.20 135200000
20250224 1174.20 1444.00 1173.40 1175.00 135300000
20250225 1175.00 1445.00 1174.20 1175.80 135400000
20250226 1175.80 1446.00 1175.00 1176.60 135500000
20250227 1176.60 1447.00 1175.80 1177.40 135600000
20250228 1177.40 1448.00 1176.60 1178.20 135700000
20250303 1178.20 1449.00 1177.40 1179.00 135800000
20250304 1179.00 1450.00 1178.20 1179.80 135900000
20250305 1179.80 1451.00 1179.00 1180.60 136000000
20250306 1180.60 1452.00 1179.80 1181.40 136100000
20250307 1181.40 1453.00 1180.60 1182.20 136200000
20250310 1182.20 1454.00 1181.40 1183.00 136300000
20250311 1183.00 1455.00 1182.20 1183.80 136400000
20250312 1183.80 1456.00 1183.00 1184.60 136500000
20250313 1184.60 1457.00 1183.80 1185.40 136600000
20250314 1185.40 1458.00 1184.60 1186.20 136700000
20250317 1186.20 1459.00 1185.40 1187.00 136800000
20250318 1187.00 1460.00 1186.20 1187.80 136900000
20250319 1187.80 1461.00 1187.00 1188.60 137000000
20250320 1188.60 1462.00 1187.80 1189.40 137100000
20250321 1189.40 1463.00 1188.60 1190.20 137200000
20250324 1190.20 1464.00 1189.40 1191.00 137300000
20250325 1191.00 1465.00 1190.20 1191.80 137400000
20250326 1191.80 1466.00 1191.00 1192.60 137500000
20250327 1192.60 1467.00 1191.80 1193.40 137600000
20250328 1193.40 1468.00 1192.60 1194.20 137700000
20250331 1194.20 1469.00 1193.40 1195.00 137800000
20250401 1195.00 1470.00 1194.20 1195.80 137900000
20250402 1195.80 1471.00 1195.00 1196.60 138000000
20250403 1196.60 1472.00 1195.80 1197.40 138100000
20250404 1197.40 1473.00 1196.60 1198.20 138200000
20250407 1198.20 1474.00 1197.40 1199.00 138300000
20250408 1199.00 1475.00 1198.20 1199.80 138400000
20250409 1199.80 1476.00 1199.00 1200.60 138500000
20250410 1200.60 1477.00 1199.80 1201.40 138600000
20250411 1201.40 1478.00 1200.60 1202.20 138700000
20250414 1202.20 1479.00 1201.40 1203.00 138800000
20250415 1203.00 1480.00 1202.20 1203.80 138900000
20250416 1203.80 1481.00 1203.00 1204.60 139000000
20250417 1204.60 1482.00 1203.80 1205.40 139100000
20250418 1205.40 1483.00 1204.60 1206.20 139200000
20250421 1206.20 1484.00 1205.40 1207.00 139300000
20250422 1207.00 1485.00 1206.20 1207.80 139400000
20250423 1207.80 1486.00 1207.00 1208.60 139500000
20250424 1208.60 1487.00 1207.80 1209.40 139600000
20250425 1209.40 1488.00 1208.60 1210.20 139700000
20250428 1210.20 1489.00 1209.40 1211.00 139800000
20250429 1211.00 1490.00 1210.20 1211.80 139900000
20250430 1211.80 1491.00 1211.00 1212.60 140000000
20250501 1212.60 1492.00 1211.80 1213.40 140100000
20250502 1213.40 1493.00 1212.60 1214.20 140200000
20250505 1214.20 1494.00 1213.40 1215.00 140300000
20250506 1215.00 1495.00 1214.20 1215.80 140400000
20250507 1215.80 1496.00 1215.00 1216.60 140500000
20250508 1216.60 1497.00 1215.80 1217.40 140600000
20250509 1217.40 1498.00 1216.60 1218.20 140700000
20250512 1218.20 1499.00 1217.40 1219.00 140800000
20250513 1219.00 1500.00 1218.20 1219.80 140900000
20250514 1219.80 1501.00 1219.00 1220.60 141000000
20250515 1220.60 1502.00 1219.80 1221.40 141100000
20250516 1221.40 1503.00 1220.60 1222.20 141200000
20250519 1222.20 1504.00 1221.40 1223.00 141300000
20250520 1223.00 1505.00 1222.20 1223.80 141400000
20250521 1223.80 1506.00 1223.00 1224.60 141500000
20250522 1224.60 1507.00 1223.80 1225.40 141600000
20250523 1225.40 1508.00 1224.60 1226.20 141700000
20250526 1226.20 1509.00 1225.40 1227.00 141800000
20250527 1227.00 1510.00 1226.20 1227.80 141900000
20250528 1227.80 1511.00 1227.00 1228.60 142000000
20250529 1228.60 1512.00 1227.80 1229.40 142100000
20250530 1229.40 1513.00 1228.60 1230.20 142200000
20250602 1230.20 1514.00 1229.40 1231.00 142300000
20250603 1231.00 1515.00 1230.20 1231.80 142400000
20250604 1231.80 1516.00 1231.00 1232.60 142500000
20250605 1232.60 1517.00 1231.80 1233.40 142600000
20250606 1233.40 1518.00 1232.60 1234.20 142700000
20250609 1234.20 1519.00 1233.40 1235.00 142800000
20250610 1235.00 1520.00 1234.20 1235.80 142900000
20250611 1235.80 1521.00 1235.00 1236.60 143000000
20250612 1236.60 1522.00 1235.80 1237.40 143100000
20250613 1237.40 1523.00 1236.60 1238.20 143200000
20250616 1238.20 1524.00 1237.40 1239.00 143300000
20250617 1239.00 1525.00 1238.20 1239.80 143400000
20250618 1239.80 1526.00 1239.00 1240.60 143500000
20250619 1240.60 1527.00 1239.80 1241.40 143600000
20250620 1241.40 1528.00 1240.60 1242.20 143700000
20250623 1242.20 1529.00 1241.40 1243.00 143800000
20250624 1243.00 1530.00 1242.20 1243.80 143900000
20250625 1243.80 1531.00 1243.00 1244.60 144000000
20250626 1244.60 1532.00 1243.80 1245.40 144100000
20250627 1245.40 1533.00 1244.60 1246.20 144200000
20250630 1246.20 1534.00 1245.40 1247.00 144300000
20250701 1247.00 1535.00 1246.20 1247.80 144400000
20250702 1247.80 1536.00 1247.00 1248.60 144500000
20250703 1248.60 1537.00 1247.80 1249.40 144600000
20250704 1249.40 1538.00 1248.60 1250.20 144700000
20250707 1250.20 1539.00 1249.40 1251.00 144800000
20250708 1251.00 1540.00 1250.20 1251.80 144900000
20250709 1251.80 1541.00 1251.00 1252.60 145000000
20250710 1252.60 1542.00 1251.80 1253.40 145100000
20250711 1253.40 1543.00 1252.60 1254.20 145200000
20250714 1254.20 1544.00 1253.40 1255.00 145300000
20250715 1255.00 1545.00 1254.20 1255.80 145400000
20250716 1255.80 1546.00 1255.00 1256.60 145500000
20250717 1256.60 1547.00 1255.80 1257.40 145600000
20250718 1257.40 1548.00 1256.60 1258.20 145700000
20250721 1258.20 1549.00 1257.40 1259.00 145800000
20250722 1259.00 1550.00 1258.20 1259.80 145900000
20250723 1259.80 1551.00 1259.00 1260.60 146000000
20250724 1260.60 1552.00 1259.80 1261.40 146100000
20250725 1261.40 1553.00 1260.60 1262.20 146200000
20250728 1262.20 1554.00 1261.40 1263.00 146300000
20250729 1263.00 1555.00 1262.20 1263.80 146400000
20250730 1263.80 1556.00 1263.00 1264.60 146500000
20250731 1264.60 1557.00 1263.80 1265.40 146600000
20250801 1265.40 1558.00 1264.60 1266.20 146700000
20250804 1266.20 1559.00 1265.40 1267.00 146800000
20250805 1267.00 1560.00 1266.20 1267.80 146900000
20250806 1267.80 1561.00 1267.00 1268.60 147000000
20250807 1268.60 1562.00 1267.80 1269.40 147100000
20250808 1269.40 1563.00 1268.60 1270.20 147200000
20250811 1270.20 1564.00 1269.40 1271.00 147300000
20250812 1271.00 1565.00 1270.20 1271.80 147400000
20250813 1271.80 1566.00 1271.00 1272.60 147500000
20250814 1272.60 1567.00 1271.80 1273.40 147600000
20250815 1273.40 1568.00 1272.60 1274.20 147700000
20250818 1274.20 1569.00 1273.40 1275.00 147800000
20250819 1275.00 1570.00 1274.20 1275.80 147900000
20250820 1275.80 1571.00 1275.00 1276.60 148000000
20250821 1276.60 1572.00 1275.80 1277.40 148100000
20250822 1277.40 1573.00 1276.60 1278.20 148200000
20250825 1278.20 1574.00 1277.40 1279.00 148300000
20250826 1279.00 1575.00 1278.20 1279.80 148400000
20250827 1279.80 1576.00 1279.00 1280.60 148500000
20250828 1280.60 1577.00 1279.80 1281.40 148600000
20250829 1281.40 1578.00 1280.60 1282.20 148700000
20250901 1282.20 1579.00 1281.40 1283.00 148800000
20250902 1283.00 1580.00 1282.20 1283.80 148900000
20250903 1283.80 1581.00 1283.00 1284.60 149000000
20250904 1284.60 1582.00 1283.80 1285.40 149100000
20250905 1285.40 1583.00 1284.60 1286.20 149200000
20250908 1286.20 1584.00 1285.40 1287.00 149300000
20250909 1287.00 1585.00 1286.20 1287.80 149400000
20250910 1287.80 1586.00 1287.00 1288.60 149500000
20250911 1288.60 1587.00 1287.80 1289.40 149600000
20250912 1289.40 1588.00 1288.60 1290.20 149700000
20250915 1290.20 1589.00 1289.40 1291.00 149800000
20250916 1291.00 1590.00 1290.20 1291.80 149900000
20250917 1291.80 1591.00 1291.00 1292.60 150000000
20250918 1292.60 1592.00 1291.80 1293.40 150100000
20250919 1293.40 1593.00 1292.60 1294.20 150200000
20250922 1294.20 1594.00 1293.40 1295.00 150300000
20250923 1295.00 1595.00 1294.20 1295.80 150400000
20250924 1295.80 1596.00 1295.00 1296.60 150500000
20250925 1296.60 1597.00 1295.80 1297.40 150600000
20250926 1297.40 1598.00 1296.60 1298.20 150700000
20250929 1298.20 1599.00 1297.40 1299.00 150800000
20250930 1299.00 1600.00 1298.20 1299.80 150900000
20251001 1299.80 1601.00 1299.00 1300.60 151000000
20251002 1300.60 1602.00 1299.80 1301.40 151100000
20251003 1301.40 1603.00 1300.60 1302.20 151200000
20251006 1302.20 1604.00 1301.40 1303.00 151300000
20251007 1303.00 1605.00 1302.20 1303.80 151400000
20251008 1303.80 1606.00 1303.00 1304.60 151500000
20251009 1304.60 1607.00 1303.80 1305.40 151600000
20251010 1305.40 1608.00 1304.60 1306.20 151700000
20251013 1306.20 1609.00 1305.40 1307.00 151800000
20251014 1307.00 1610.00 1306.20 1307.80 151900000
20251015 1307.80 1611.00 1307.00 1308.60 152000000
20251016 1308.60 1612.00 1307.80 1309.40 152100000
20251017 1309.40 1613.00 1308.60 1310.20 152200000
20251020 1310.20 1614.00 1309.40 1311.00 152300000
20251021 1311.00 1615.00 1310.20 1311.80 152400000
20251022 1311.80 1616.00 1311.00 1312.60 152500000
20251023 1312.60 1617.00 1311.80 1313.40 152600000
20251024 1313.40 1618.00 1312.60 1314.20 152700000
20251027 1314.20 1619.00 1313.40 1315.00 152800000
20251028 1315.00 1620.00 1314.20 1315.80 152900000
20251029 1315.80 1621.00 1315.00 1316.60 153000000
20251030 1316.60 1622.00 1315.80 1317.40 153100000
20251031 1317.40 1623.00 1316.60 1318.20 153200000
20251103 1318.20 1624.00 1317.40 1319.00 153300000
20251104 1319.00 1625.00 1318.20 1319.80 153400000
20251105 1319.80 1626.00 1319.00 1320.60 153500000
20251106 1320.60 1627.00 1319.80 1321.40 153600000
20251107 1321.40 1628.00 1320.60 1322.20 153700000
20251110 1322.20 1629.00 1321.40 1323.00 153800000
20251111 1323.00 1630.00 1322.20 1323.80 153900000
20251112 1323.80 1631.00 1323.00 1324.60 154000000
20251113 1324.60 1632.00 1323.80 1325.40 154100000
20251114 1325.40 1633.00 1324.60 1326.20 154200000
20251117 1326.20 1634.00 1325.40 1327.00 154300000
20251118 1327.00 1635.00 1326.20 1327.80 154400000
20251119 1327.80 1636.00 1327.00 1328.60 154500000
20251120 1328.60 1637.00 1327.80 1329.40 154600000
20251121 1329.40 1638.00 1328.60 1330.20 154700000
20251124 1330.20 1639.00 1329.40 1331.00 154800000
20251125 1331.00 1640.00 1330.20 1331.80 154900000
20251126 1331.80 1641.00 1331.00 1332.60 155000000
20251127 1332.60 1642.00 1331.80 1333.40 155100000
20251128 1333.40 1643.00 1332.60 1334.20 155200000
20251201 1334.20 1644.00 1333.40 1335.00 155300000
20251202 1335.00 1645.00 1334.20 1335.80 155400000
20251203 1335.80 1646.00 1335.00 1336.60 155500000
20251204 1336.60 1647.00 1335.80 1337.40 155600000
20251205 1337.40 1648.00 1336.60 1338.20 155700000
20251208 1338.20 1649.00 1337.40 1339.00 155800000
20251209 1339.00 1650.00 1338.20 1339.80 155900000
20251210 1339.80 1651.00 1339.00 1340.60 156000000
20251211 1340.60 1652.00 1339.80 1341.40 156100000
20251212 1341.40 1653.00 1340.60 1342.20 156200000
20251215 1342.20 1654.00 1341.40 1343.00 156300000
20251216 1343.00 1655.00 1342.20 1343.80 156400000
20251217 1343.80 1656.00 1343.00 1344.60 156500000
20251218 1344.60 1657.00 1343.80 1345.40 156600000
20251219 1345.40 1658.00 1344.60 1346.20 156700000
20251222 1346.20 1659.00 1345.40 1347.00 156800000
20251223 1347.00 1660.00 1346.20 1347.80 156900000
20251224 1347.80 1661.00 1347.00 1348.60 157000000
20251225 1348.60 1662.00 1347.80 1349.40 157100000
20251226 1349.40 1663.00 1348.60 1350.20 157200000
20251229 1350.20 1664.00 1349.40 1351.00 157300000
20251230 1351.00 1665.00 1350.20 1351.80 157400000
20251231 1351.80 1666.00 1351.00 1352.60 157500000
20260101 1352.60 1667.00 1351.80 1353.40 157600000
20260102 1353.40 1668.00 1352.60 1354.20 157700000
20260105 1354.20 1669.00 1353.40 1355.00 157800000
20260106 1355.00 1670.00 1354.20 1355.80 157900000
20260107 1355.80 1671.00 1355.00 1356.60 158000000
20260108 1356.60 1672.00 1355.80 1357.40 158100000
20260109 1357.40 1673.00 1356.60 1358.20 158200000
20260112 1358.20 1674.00 1357.40 1359.00 158300000
20260113 1359.00 1675.00 1358.20 1359.80 158400000
20260114 1359.80 1676.00 1359.00 1360.60 158500000
20260115 1360.60 1677.00 1359.80 1361.40 158600000
20260116 1361.40 1678.00 1360.60 1362.20 158700000
20260119 1362.20 1679.00 1361.40 1363.00 158800000
20260120 1363.00 1680.00 1362.20 1363.80 158900000
20260121 1363.80 1681.00 1363.00 1364.60 159000000
20260122 1364.60 1682.00 1363.80 1365.40 159100000
20260123 1365.40 1683.00 1364.60 1366.20 159200000
20260126 1366.20 1684.00 1365.40 1367.00 159300000
20260127 1367.00 1685.00 1366.20 1367.80 159400000
20260128 1367.80 1686.00 1367.00 1368.60 159500000
20260129 1368.60 1687.00 1367.80 1369.40 159600000
20260130 1369.40 1688.00 1368.60 1370.20 159700000
20260202 1370.20 1689.00 1369.40 1371.00 159800000
20260203 1371.00 1690.00 1370.20 1371.80 159900000
20260204 1371.80 1691.00 1371.00 1372.60 160000000
20260205 1372.60 1692.00 1371.80 1373.40 160100000
20260206 1373.40 1693.00 1372.60 1374.20 160200000
20260209 1374.20 1694.00 1373.40 1375.00 160300000
20260210 1375.00 1695.00 1374.20 1375.80 160400000
20260211 1375.80 1696.00 1375.00 1376.60 160500000
20260212 1376.60 1697.00 1375.80 1377.40 160600000
20260213 1377.40 1698.00 1376.60 1378.20 160700000
20260216 1378.20 1699.00 1377.40 1379.00 160800000
20260217 1379.00 1700.00 1378.20 1379.80 160900000
20260218 1379.80 1701.00 1379.00 1380.60 161000000
20260219 1380.60 1702.00 1379.80 1381.40 161100000
20260220 1381.40 1703.00 1380.60 1382.20 161200000
20260223 1382.20 1704.00 1381.40 1383.00 161300000
20260224 1383.00 1705.00 1382.20 1383.80 161400000
20260225 1383.80 1706.00 1383.00 1384.60 161500000
20260226 1384.60 1707.00 1383.80 1385.40 161600000
20260227 1385.40 1708.00 1384.60 1386.20 161700000
20260302 1386.20 1709.00 1385.40 1387.00 161800000
20260303 1387.00 1710.00 1386.20 1387.80 161900000
20260304 1387.80 1711.00 1387.00 1388.60 162000000
20260305 1388.60 1712.00 1387.80 1389.40 162100000
20260306 1389.40 1713.00 1388.60 1390.20 162200000
20260309 1390.20 1714.00 1389.40 1391.00 162300000
20260310 1391.00 1715.00 1390.20 1391.80 162400000
20260311 1391.80 1716.00 1391.00 1392.60 162500000
20260312 1392.60 1717.00 1391.80 1393.40 162600000
20260313 1393.40 1718.00 1392.60 1394.20 162700000
20260316 1394.20 1719.00 1393.40 1395.00 162800000
20260317 1395.00 1720.00 1394.20 1395.80 162900000
20260318 1395.80 1721.00 1395.00 1396.60 163000000
20260319 1396.60 1722.00 1395.80 1397.40 163100000
20260320 1397.40 1723.00 1396.60 1398.20 163200000
20260323 1398.20 1724.00 1397.40 1399.00 163300000
20260324 1399.00 1725.00 1398.20 1399.80 163400000
20260325 1399.80 1726.00 1399.00 1400.60 163500000
20260326 1400.60 1727.00 1399.80 1401.40 163600000
20260327 1401.40 1728.00 1400.60 1402.20 163700000
20260330 1402.20 1729.00 1401.40 1403.00 163800000
20260331 1403.00 1730.00 1402.20 1403.80 163900000
20260401 1403.80 1731.00 1403.00 1404.60 164000000
20260402 1404.60 1732.00 1403.80 1405.40 164100000
20260403 1405.40 1733.00 1404.60 1406.20 164200000
20260406 1406.20 1734.00 1405.40 1407.00 164300000
20260407 1407.00 1735.00 1406.20 1407.80 164400000
20260408 1407.80 1736.00 1407.00 1408.60 164500000
20260409 1408.60 1737.00 1407.80 1409.40 164600000
20260410 1409.40 1738.00 1408.60 1410.20 164700000
20260413 1410.20 1739.00 1409.40 1411.00 164800000
20260414 1411.00 1740.00 1410.20 1411.80 164900000
20260415 1411.80 1741.00 1411.00 1412.60 165000000
20260416 1412.60 1742.00 1411.80 1413.40 165100000
20260417 1413.40 1743.00 1412.60 1414.20 165200000
20260420 1414.20 1744.00 1413.40 1415.00 165300000
20260421 1415.00 1745.00 1414.20 1415.80 165400000
