20200102 100.00 101.00  99.50 100.50 1000000
20200103 100.50 101.20 100.00 101.00 1100000
20200106 101.00 101.50 100.25 101.25 1200000
20200107 101.25 101.75 100.80 101.60 1300000
20200108 101.60 102.10 101.20 101.90 1400000
20200109 101.90 102.50 101.70 102.40 1500000
20200110 102.40 102.80 101.90 102.10 1600000
20200113 102.10 102.60 101.70 102.50 1700000
20200114 102.50 103.00 102.10 102.80 1800000
20200115 102.80 103.40 102.60 103.20 1900000
20200116 103.20 103.80 102.80 103.50 2000000
20200117 103.50 104.00 103.10 103.90 2100000
20200120 103.90 104.30 103.40 104.10 2200000
20200121 104.10 104.70 103.90 104.50 2300000
20200122 104.50 105.00 104.10 104.80 2400000
20200123 104.80 105.20 104.30 104.60 2500000
20200124 104.60 105.10 104.20 104.90 2600000
20200127 104.90 105.40 104.60 105.20 2700000
20200128 105.20 105.80 104.90 105.60 2800000
20200129 105.60 106.10 105.20 105.90 2900000
20200130 105.90 106.30 105.50 106.10 3000000
20200131 106.10 106.60 105.80 106.40 3100000
20200203 106.40 106.90 106.00 106.70 3200000
20200204 106.70 107.20 106.40 107.00 3300000
20200205 107.00 107.50 106.70 107.30 3400000
20200206 107.30 107.80 107.00 107.60 3500000
20200207 107.60 108.10 107.30 107.90 3600000
20200210 107.90 108.40 107.60 108.20 3700000
20200211 108.20 108.60 107.90 108.40 3800000
20200212 108.40 108.80 108.10 108.60 3900000
20200213 108.60 109.00 108.30 108.80 4000000
20200214 108.80 109.20 108.50 109.00 4100000
20200217 109.00 109.50 108.70 109.20 4200000
20200218 109.20 109.70 108.90 109.40 4300000
20200219 109.40 109.90 109.10 109.60 4400000
20200220 109.60 110.10 109.30 109.80 4500000
20200221 109.80 110.30 109.50 110.00 4600000
20200224 110.00 110.40 109.70 110.10 4700000
20200225 110.10 110.60 109.80 110.30 4800000
20200226 110.30 110.80 110.00 110.50 4900000
20200227 110.50 111.00 110.20 110.70 5000000
20200228 110.70 111.10 110.40 110.90 5100000
20200302 110.90 111.30 110.60 111.10 5200000
20200303 111.10 111.60 110.80 111.30 5300000
20200304 111.30 111.80 111.00 111.50 5400000
20200305 111.50 112.00 111.20 111.70 5500000
20200306 111.70 112.10 111.40 111.90 5600000
20200309 111.90 112.30 111.60 112.10 5700000
20200310 112.10 112.50 111.80 112.30 5800000
20200311 112.30 112.70 112.00 112.50 5900000
