20200102 100.00
20200103 100.50
20200106 101.00
20200107 101.25
20200108 101.60
20200109 101.90
20200110 102.40
20200113 102.10
20200114 102.50
20200115 102.80
20200116 103.20
20200117 103.50
20200120 103.90
20200121 104.10
20200122 104.50
20200123 104.80
20200124 104.60
20200127 104.90
20200128 105.20
20200129 105.60
20200130 105.90
20200131 106.10
20200203 106.40
20200204 106.70
20200205 107.00
20200206 107.30
20200207 107.60
20200210 107.90
20200211 108.20
20200212 108.40
20200213 108.60
20200214 108.80
20200217 109.00
20200218 109.20
20200219 109.40
20200220 109.60
20200221 109.80
20200224 110.00
20200225 110.10
20200226 110.30
20200227 110.50
20200228 110.70
20200302 110.90
20200303 111.10
20200304 111.30
20200305 111.50
20200306 111.70
20200309 111.90
20200310 112.10
20200311 112.30
